Mixture	TS1	TS2	TS3	BS1	BS2	BS3	NS1	NS2	MS1	MS2	MS3	MS4	DS1	DS2	DS3	MK	P-value	Correlation	RMSE	Absolute score (sig.score)
qns31079_132	0.469020889570249	0	0.957196620315321	0.391671603720338	0.514547724470271	0.982473385997887	0.440055381345923	0.267862569070693	5.17328179492387	0.554034880241973	2.1331873049184	0	0.200075287416109	0.406999423328	0.817526170044341	0.841349614234571	0	0.14349606617877	0.991353961235428	14.1492826495979
qns31079_133	0.51687970327208	0	0.919880059087923	0.267842395748007	0.739061820643667	0.892602818288994	0.743273827460361	0.32278595628269	2.57702591412772	1.09179818684898	1.2823142516891	0	0.524735076429441	0.580768195716447	0.773304813531509	0.838917032267289	0	0.123720804461113	0.992610862779099	12.0711900513942
qns31079_134	0.243578543465629	0	0.699078001028838	0	0.316815920710186	0.60992421459512	0.522596870053637	0.351397427972099	6.60031954206162	0.192526384081478	1.49538808933779	0	0.262238624645404	0.176764637329991	0.609716692958288	0.350201678095509	0	0.265478697051569	0.969194773309641	12.4305466263356
qns31079_135	0.934826270810056	0.0128374311412978	1.06411329346445	0.281576817992785	0.596714070123961	1.03420309738425	0.642075469786758	0.321806670283056	3.12189617729434	1.32123782693084	1.42449089041704	0	0.357109457496621	0.483989377840474	0.804598507890625	0.996668081112629	0	0.120568769713913	0.992804382937572	13.3981434399692
qns31079_136	2.12747793122584	1.18145734158745	1.93969634705662	2.07140282601619	1.8929385466267	1.9906650210757	1.77816999482282	1.38693496187487	4.0217034762376	1.94684643837777	2.31451982724195	0	1.53237702633137	1.80283153791431	1.87461984440845	1.65809423776077	0.119565217391304	0.0509769494541208	0.998514750963321	29.5197353585584
qns31079_137	0.583415359944083	0	1.18726498722111	0	0.856333113668259	1.12018896990566	1.04816110578034	0.0290152507445583	5.73124667849615	0.553956813375638	2.3628802219994	0	0.556824183147445	0.763924453903542	1.06259755910672	0.886840007620962	0	0.228418173955978	0.974834417276411	16.7426487049139
qns31079_138	1.03913625439743	0.138109143692939	0.987251473205837	0.360537508224302	0.738423117680377	0.897210871611213	0.681753599153183	0.459349283639776	3.70019860443131	0.897579089109296	1.68955876576799	0	0.387980447480691	0.564223959050196	0.847931951422323	1.01259097171493	0	0.150546366282014	0.988678634363076	14.4018350405818
qns31079_139	1.46087784656189	0.792146730374852	1.57564412902638	1.66159818489908	1.46733906079869	1.62991860623728	1.39753966816705	1.15509766632969	2.83545502314495	1.50122583554064	1.68644882013114	0.727813753113494	1.15993685355128	1.45716854244956	1.47379274414823	1.43274769062244	0.0326086956521739	0.0853169723767015	0.99677618172679	23.4147511550966
qns31079_140	2.14187513877194	0.143564722576359	1.57168578139715	0.886803713725251	1.35015527615777	1.52662576766192	1.30662831191998	1.05105936008922	4.29608195376599	1.22448736390898	1.95375634637654	0	0.945414681312192	1.12003090550166	1.40611608143047	1.10751135639813	0.0978260869565217	0.0626807208145637	0.998125870126943	22.0317967609935
qns31079_141	0.765339756363688	0.143656002269727	0.979050190564884	0.520960105425412	0.778549703032217	1.04575080764908	0.751527856177848	0.57024706263576	5.2857841669402	1.00287908799862	2.19351140237778	0	0.439201668924508	0.627068694760322	0.928324655788828	1.04743851516018	0	0.152625829138093	0.989002563517711	17.0792896760691
qns31079_142	0.327625420040665	0	0.749463631418403	0.0452138304585272	0.364376223446127	0.739232477210996	0.353051385625331	0.220658254228316	5.24470246652977	0.419150446771534	1.60940665680455	0	0.29634672694412	0.258090709277359	0.592762518854114	0.845442234661609	0	0.240295307005872	0.972347100207418	12.0655229822714
qns31079_143	1.79743288923314	0	1.08495823575495	0.712642782311536	0.737805233377376	1.09232416400812	0.809935572539293	0.432618388175649	5.49812466237884	1.21585981820629	2.30842168199628	0	0.198374625303873	0.608193410837687	0.945678182584419	0.574870889693806	0	0.134649478500032	0.992731143845347	18.0172405364013
qns31079_144	0.846763266393496	0	0.927323359861721	0	0.520295589739627	0.831418085384073	0.59588044263455	0.444777613927287	4.02274347836535	1.25031293894329	1.91090676043939	0	0.325935806945166	0.445745692449919	0.744701156115428	0.816989861703459	0	0.150017085533345	0.988924370285811	13.6837940529028
qns31079_145	0.830448254731518	0	0.951292807415577	0	0.563164993240531	0.971598717728881	0.774062763925617	0.463683767791901	3.86733640397481	1.06697038267195	2.25801899696543	0	0.450875874301696	0.474366146668462	0.823200367395561	0.753556608752013	0	0.172951021363465	0.984729115277423	14.2485760855639
qns31079_146	1.09751295451745	0	1.08367752304044	0.16765784966999	0.60690645134107	1.15746368259451	0.702967295246132	0.275836912133402	4.0124690928649	0.980138877201067	1.72549693106311	0	0.27838347615153	0.440829630320164	0.80110398521913	0.971572969215412	0	0.14230591021665	0.989856862209606	14.3020176305783
qns31079_147	1.78429167997782	0	1.32569308962246	0.0379235660138395	1.20804794818494	1.23857976765614	0.947729535297994	0.708923975908099	3.2955872770185	2.02701434348025	2.31333698563276	0	0.489057240567007	0.916080378129062	1.09932348042788	0.975363971268063	0	0.124065621022588	0.992035372982	18.3669532391848
qns31079_148	0.966082494541472	0.249643896191105	0.925267398148664	0.137004406089173	0.596976070881688	0.889218366098494	0.603674210389665	0.449332958983447	2.87252949790528	0.979880039623784	1.42708563577415	0	0.429528674780266	0.508401563305647	0.760390332063765	0.667518904801033	0	0.165629975796498	0.986802197151287	12.4625344495776
qns31079_149	1.57090906267689	0.949375353394399	1.3964695470932	1.50708961563777	1.28676177529825	1.38805046936358	1.37696967732566	1.26418523996701	2.90169098423014	1.30359511386931	1.69365977500674	0	0.915614498315683	1.18610226265027	1.33750531285176	1.3987422272195	0.0434782608695652	0.0832616170055655	0.996672426081287	21.4767209149002
qns31079_150	1.02154469300208	0.248067333784332	1.09771375942927	0.696415826921308	0.752982454928516	1.12748763132851	0.772274958298569	0.516088178083526	2.34057610806558	2.45969442685979	1.55584815636	0	0.444589357074731	0.613046741361348	0.927357534923558	0.751483265906756	0	0.161045391499094	0.987723330021683	15.3251704263279
qns31079_151	1.2040547486475	0.139324789263798	1.02175417769049	0.53891204979024	0.70237394345856	1.05788279179659	0.719676899548507	0.486814197435229	4.37278110721082	0.84724212006048	1.85759044497196	0	0.439470110888645	0.547735974880597	0.899712530394811	0.882196728201659	0	0.135643694094037	0.990724247538826	15.7175226142399
qns31079_152	1.82791377440386	0	1.40520697706961	0.349883214439966	0.782743987753763	1.13163485225013	0.848451432749887	0.399022516845915	2.69511050492407	1.59258375977764	2.03167473820657	0	0.530944751676531	0.635545931561594	0.976942991016876	1.24675341699027	0	0.128101221177399	0.991769743149769	16.4544128496667
qns31079_177	1.36428690981469	0	1.33968202870625	0.908814604545439	0.906126624171392	1.2520919740481	0.836404432200786	0.47518876605657	3.32774157674095	0.993197407433892	1.67401031997153	0	0.776514707645991	0.869334349507394	1.09118029672929	1.1946018151495	0	0.115069989192868	0.993687826683074	17.0091758127218
qns31079_178	1.68602631719943	0	1.14656534201476	0.392019644037483	0.836523037221566	1.06871313462393	1.06162604175448	0.571326808892187	3.88000571413655	1.65000192170202	1.67798267847471	0	0.399809130712944	0.63281222265392	0.926126365857446	0.622814685363702	0	0.148545062942629	0.989042553335764	16.5523530446451
qns31079_179	2.02873248457931	0.706730917080252	1.90421942541095	2.10776724297712	1.80357741260706	1.96626125962717	1.79975562142508	1.44608238463066	3.96717925095715	1.81220404152444	2.10655643629611	0.3012035131234	1.40158245048481	1.79417825979243	1.76243032981507	1.81398517494595	0.0652173913043478	0.072625348035686	0.997283052756015	28.722446205277
qns31079_180	1.03400540650354	0.0702832514672986	0.902865635313985	0	0.449957914306037	0.808417583717896	0.463568116330518	0.297771571402238	4.27197315343481	1.07184032504085	1.25406769369056	0	0.328354720217508	0.311818886924651	0.708855661527918	0.723203225865874	0	0.173095228376898	0.985210228926477	12.6969831457437
qns31079_181	1.66606619964611	0	1.35583809119363	0.804823774613958	0.638376091988088	1.28114382677734	0.59594565457711	0.363967498744467	3.1275371933934	1.30018600078769	1.62034428315746	0	0.323815614421267	0.486552289046129	0.868511186588159	1.24647848909576	0	0.118610123565042	0.99312826406252	15.6795861940306
qns31079_182	1.44573667922253	0.238646802475477	1.21967603290313	0.918562758206929	1.00402208432608	1.2514202649082	0.872991773077525	0.775098510233979	3.30061039190254	1.30859469721566	1.55405885025067	0	0.666663962787843	0.848780572556497	1.07117939288121	0.924062986542277	0.0217391304347826	0.0926849132717964	0.995426211232916	17.4001057594905
qns31079_184	0.617019483473939	0.141329661927748	0.657401628410181	0.0809454648094457	0.426605846428017	0.646853195674472	0.541937972372891	0.391087451144865	1.94858574418036	0.861507462993724	1.0936629110416	0	0.296600258026677	0.372558377374889	0.556163287487039	0.720415526108221	0	0.142047258784155	0.989748789893874	9.35267427145407
qns31079_185	1.11832583407272	0	0.890612797873486	0.315288847317275	0.603951004125825	0.94866164342136	0.576549227076302	0.361232305134792	3.94185088157036	1.31342704603467	1.54829539242829	0	0.221602313988408	0.395598689385019	0.737599839694804	0.994344840307356	0	0.13991966276977	0.9909422211967	13.9673406624307
qns31079_186	1.44320834204341	0	1.2873145927428	0.284867785600489	1.1278019521978	1.31763552442234	1.07004616822283	0.764685116594625	3.29881599605747	1.9651867107057	1.27085766673802	0	0.792175503564069	0.926410845253099	1.10247520295432	1.15475517740768	0.0326086956521739	0.088615539608181	0.996113209157567	17.8062365845046
qns31079_187	1.60639125635023	0.2322344555204	1.23187283082084	1.03702010096525	1.05746281482676	1.24891395860638	1.02647936369832	0.889738185461514	2.9459211749803	1.41681433418049	1.75777414099294	0	0.719504719806135	0.929092576066678	1.06718641039337	1.17002200010161	0.0108695652173914	0.0946306217488369	0.995306664643399	18.3364283227712
qns30996_727	1.25145316608802	0.0724013153568795	1.02849662868891	0.0716618517668385	0.877761488070679	0.962801721657547	0.905326753938239	0.731871288091353	1.57078565073675	0.872003702123674	1.2953017127205	0	0.643310343852225	0.800229584410927	0.862379438741151	0.976480366931847	0.0543478260869565	0.0749348295133968	0.998765857591733	12.9222650131755
qns31079_042	1.06324393066013	0	1.25215766292055	0.59095317020943	1.13104112113377	1.35892551427413	1.06439372765391	0.72635665249888	4.97232137159514	1.12493083868019	2.04939138110386	0	0.788375584289703	0.8462695148471	1.18862568125577	1.23439427397841	0	0.103759158585737	0.994444030813904	19.391380425101
qns31079_044	1.42882683923083	0	1.4097626977365	1.12686529527662	1.09385992782621	1.46102303871323	1.04574367868961	0.567865630904189	4.28219511895559	1.43830070292767	2.1526365032563	0	0.862006600360485	1.02385062915019	1.24413234381032	1.0732841526545	0	0.103746566384628	0.994415830596076	20.2103531594922
qns31079_045	0.997028795434922	0.0614207528632983	0.942907501804127	0.0702034728229874	0.489747465132407	0.890270165083369	0.59322482086321	0.445058272223047	3.57634400911983	0.844666954536359	1.61364550558414	0	0.41407815072049	0.456040934210196	0.769957002443893	0.913349251056026	0	0.165508030713826	0.986072836598106	13.0779430538983
qns31079_046	1.53523144904947	0.798968056051165	1.34760652911894	1.48052475700039	1.29337243980152	1.36937974974997	1.32571483096587	1.21658776277539	1.78096398664564	1.4859704066793	1.4172916551401	0.286909520373852	1.0100372543979	1.19589826434231	1.32542832678947	1.37904289894153	0.0543478260869565	0.0754369288146704	0.997616372179642	20.2489278878228
qns31079_047	0.640542946459989	0.140902767456592	0.885126472700365	0	0.805170050710397	0.888485629609452	0.648939261234082	0.397015394676007	3.92755931218253	1.55459550115604	1.50360598774498	0	0.429366925330017	0.541446185737336	0.830242885935017	0.873206993842856	0	0.1739380807293	0.985065016466496	14.0662063147757
qns31079_048	1.09472748759523	0	0.967159033509777	0	0.563485081419642	0.913975934873197	0.637543142666604	0.363278364917019	4.12208328391854	0.994037857211083	1.4992918773663	0	0.334862606281759	0.332539328313922	0.729161444426362	0.827134965860697	0	0.1843000728733	0.982917717646059	13.3792804083601
qns31079_049	0.764242595905561	0.183830043187505	1.17435865937233	0.211744337761016	0.658360540889256	1.02675196198353	0.769279938555477	0.555969181385376	3.39098043120627	1.50679401155485	1.97511652500544	0	0.519909084227282	0.583190297818316	0.89786959077898	0.942930696541008	0	0.177157690612011	0.984906367970372	15.1613278961722
qns31079_050	0.556053715438846	0.101533398716288	1.04987753972658	0.276238138586691	0.659519805598024	0.977826106964353	0.625705135645275	0.457701113182587	3.690199924294	1.0171966457461	1.33150291775745	0	0.437991826765726	0.505819604135728	0.869282012914122	1.03528375444608	0	0.207185673183377	0.980183739849587	13.5917316399179
qns31079_051	0.525023501076298	0	0.905737225189508	0	0.867939589657014	0.862228108117531	0.633037610986181	0.433303011882907	4.16897084317516	0.316110815817228	1.16440623041983	0	0.548680277445369	0.509297106888724	0.813609162207133	0.968748893089922	0	0.199444998631198	0.981033225662544	12.7170923759528
qns31079_052	1.50236899258979	0.595339056123561	1.33527219230464	0.39409608798026	1.24638784780885	1.34756433888725	1.18013874068933	1.01408477734366	2.01542802552206	1.86835951196354	1.98473764114304	0	0.833869872748945	1.01951261462288	1.19670384808204	1.20280234044404	0.293478260869565	0.0251745014441578	1.00112968888163	18.7366658882539
qns31079_053	0.865106665333186	0.00953375722821166	1.05874158304861	0.247701231823992	0.495565982442279	1.00664733392204	0.722409814053386	0.356966450112493	4.24092532872016	1.65150936314507	1.86188016904794	0	0.282185240606825	0.436903051215007	0.821545453550433	0.928791393196073	0	0.166832576835325	0.986015554893202	14.9864128174457
qns31079_054	0.908492657642342	0	0.909636251268721	0.243302017361872	0.536241382790374	0.935951317286302	0.76911317086441	0.333105289082715	5.01789333893604	1.0684166814772	1.68180648700144	0	0.3347052118087	0.374553101799186	0.795140344296963	0.574303046395132	0	0.232028840566857	0.975037604108793	14.4826602980114
qns31079_055	0.924052022796658	0	1.23510257233184	0	0.628610704825512	1.00029016824792	0.701573524674723	0.452771738198282	4.28791176622699	1.01203453563012	1.89717071960129	0	0.447989873273155	0.487507408579268	0.85725087600063	0.643118699770794	0	0.145540643415472	0.989285669151668	14.5753846101572
qns31079_056	0.017314442713908	0	0.901936468447509	0	0.303690463460486	0.789039912120002	0.585778540147539	0.234684038675072	6.18973996657213	0.11871128548113	2.00755558553433	0	0.365674684405308	0.249659800869328	0.721250022145983	0.636293542631094	0	0.205735516418057	0.979603957684285	13.1213287532038
qns31079_057	0.385565644044895	0	0.861832641497439	0	0.287239619438195	0.665613260954896	0.455254640702754	0.183921657504748	5.25195460920668	0.0278190087514248	1.92506033554356	0	0.245737208584662	0.134607174349465	0.738982445229335	0.390044548019054	0	0.237848516048078	0.971806915711528	11.5536327938271
qns31079_058	0	0	1.15575227922991	0	0.378847740933163	0.777969162603941	0.574932843805843	0.117375171496542	7.64160825594294	0	2.24032295415152	0	0.278485603397569	0.192222937182422	0.799035501099545	0.378665624024603	0	0.288748880232212	0.959015601629361	14.535218073868
qns31079_059	0.596775117382488	0.234595841617457	0.983414155928271	0	0.78506006440095	0.9368750217273	0.860661847362197	0.782584105598771	3.49127649570274	0.774538008468568	1.64558282474182	0	0.59481116719424	0.670775786712461	0.926944744242243	0.89126018063885	0	0.148028569083126	0.989276933352433	14.1751553617184
qns31079_061	1.30714404123212	0.237278158519278	1.08305463768437	0.307520739134006	0.715883724138777	1.04076405956954	0.697133474640345	0.560135717111944	3.5472708961368	1.24520190030688	1.18517814203225	0	0.602839445221939	0.642168223389915	0.915262699147684	1.0612016769641	0.130434782608696	0.0454251220050073	1.00097660997986	15.14803753523
qns31079_062	0.737426893598147	0	1.07434708083948	0	0.49703613770958	0.77040375292218	0.643131066009329	0.345037396843762	4.59873421043985	0.248028568754837	1.99203541575143	0	0.392588063322435	0.406810390490393	0.757639272488445	0.341204808719404	0	0.203089087771522	0.979062565816995	12.8044230578893
qns31079_063	0.827288826675754	0.171837027977361	1.01493765180182	0.26400931063045	0.677299371743622	0.994264115578146	0.775046076799764	0.572403432233138	4.61303524961296	0.451327449870938	1.63149628704294	0	0.498199391591649	0.567327132529909	0.907929028157077	1.1999312820086	0	0.19987996345157	0.981349389373275	15.1663316342541
qns31079_064	0.254984559110087	0	0.878394708401787	0	0.38395231880935	0.838512648601091	0.5131312747562	0.240151038982321	5.41149505664841	0.474191449283288	1.80516773621712	0	0.294355830245328	0.260892403128403	0.761082019693021	1.0004420215711	0	0.197269852226584	0.981053804054237	13.1167530654475
qns31079_066	1.88491634712462	0	1.25288043450845	0.0493004964413163	0.550071483493501	1.07133134013904	0.411340054964962	0.262576958239801	3.8698339903664	1.05349162836733	1.86830565649925	0	0.196035963633624	0.503674978602397	0.779896069772016	1.57198530720955	0.0326086956521739	0.0847270580518489	0.999680106411845	15.3256407093623
qns31079_067	1.16920332072843	0.0590752337068785	1.07604101171998	0.37659396148639	0.691702046297115	1.09678025617416	0.848803762333016	0.540713742324333	3.9736415624182	1.25353757386741	2.13223786326566	0	0.422668996631965	0.604878077107657	0.946101509976264	1.02329453654029	0	0.1810626464713	0.984178675766176	16.2152734545778
qns31079_068	0.666041828269227	0.0939088586654283	1.02121347284643	0	0.623759530996375	0.949420014395608	0.838145791480109	0.516149665400211	4.19106333236693	0.501722505539297	1.57082293814265	0	0.497181577005728	0.55950487075584	0.786400565010007	1.00934006748616	0	0.169486810619793	0.985476428879971	13.82467501836
qns31079_069	1.23305510651289	0	1.18096376710457	0.218761111234812	0.615025789933416	1.17442858406745	0.839826125166896	0.403760023966918	4.04029623635714	1.1129137391582	1.94730995850277	0	0.334086366176215	0.512392332659715	0.831245037003681	1.65397084630576	0	0.127096884841687	0.992036511730015	16.0980350241504
qns31079_070	0.799209757360915	0	1.29209714942648	0	0.430908554743379	1.07543236647246	0.738060760954295	0.336965585540098	4.17501786758766	2.54873214559319	1.97740272389895	0	0.234255324481683	0.459476949062334	0.597743887950413	0.994518006416659	0	0.139879970653277	0.991150104881883	15.6598210794885
qns31079_071	0.589281904129333	0	0.980695008982665	0	0.538326164459741	0.902315075889434	0.604616004535521	0.42490650798881	5.44527632689826	0.14065920317565	1.89649474010165	0	0.459230582386308	0.400570563884652	0.816175130020614	1.0015284431174	0	0.242052208583363	0.971843824733672	14.20007565557
qns31079_072	0.524018418338461	0	1.14988312283771	0	0.508628490646404	1.04358664820701	0.57899255201046	0.309375830381153	5.53701920600396	1.58431111261877	1.33341703001331	0	0.313517560708677	0.245356814165419	0.755876384445425	0.743804525077589	0	0.235727657570413	0.972340325960853	14.6277876954544
qns31079_073	1.17656868650424	0	1.19001053122889	0.533872281681226	0.843083514747117	1.26006471151486	0.861682459561451	0.558977970965868	4.6744856979223	0.726610215854195	1.90900828666466	0	0.536675581207756	0.690110919497242	0.964358826002268	1.2788723359256	0	0.136630068314847	0.990314834640805	17.2043820192777
qns31079_074	1.0332308429741	0	1.00374503974581	0.639081898811886	0.548319109544502	1.06486364087555	0.603471048142358	0.278632716448641	4.9293146640369	0.83549242763936	1.79747391822536	0	0.304376160683378	0.424842101799855	0.731930712696344	1.28086621015508	0	0.160929255187103	0.987690042151386	15.4756404917791
qns31079_075	1.25250659534336	0	1.15815028959004	0	0.563992146129322	0.933143159098461	0.478680816571308	0.11185637330377	4.51733945229847	1.43548094618041	2.04914191191271	0	0.0938772204402937	0.237251712617883	0.815332825151876	0.745428949414556	0	0.148938608741388	0.990264485120108	14.3921823980524
qns31079_076	1.07875572077115	0.436297489991413	1.05574486409777	0.525069034921351	0.948229276069184	1.0102193972356	0.873441168651288	0.716325184595983	3.46174320698203	0.782743457495458	1.25034076355259	0	0.524779591726431	0.76565477862997	0.998657738571679	0.884208894249764	0	0.125545813411619	0.992203587420419	15.3122105675417
qns31079_077	1.41509842099518	0	1.46729794629555	1.36307301810393	1.27429084637595	1.55830680952883	1.36492690214354	0.791847325204564	4.20740752311823	1.72299996312597	2.30673891825456	0	0.919788806831028	1.10069531905041	1.32674386614524	1.31317019720109	0	0.109264480088251	0.993822714999868	22.1323858623741
qns31079_078	0.00803882385741705	0	0.833585601336198	0	0.305762283699945	0.798415000041579	0.42595733604687	0.193534155281167	6.16612055589493	0.484654235915415	1.7545160846783	0	0.194263394634668	0.115695692914021	0.640828154970178	1.56073831991762	0	0.21062923601898	0.981182896762677	13.4821096391883
qns31079_079	1.20516161759986	0	0.982847294966879	0	0.703478621511412	0.900724938833822	0.812595318435822	0.562068161896125	2.80490044446422	0.668078943414357	1.32045715301944	0	0.517695833069021	0.548527351048881	0.778761706814038	1.33189534014257	0	0.160475142830987	0.987877029532119	13.1371927252164
qns31079_080	1.29241797241863	0	1.28411380878407	0	0.434022227383113	0.935204944909904	0.134156814574387	0.100806646449923	5.18417826597114	0.763812611757558	1.51892203555532	0	0.305568336780265	0.29926522099895	0.769132262085127	1.14794973514667	0	0.169836456282987	0.985880646724932	14.169550882815
qns31079_081	1.40609359350342	1.03714738938856	1.25874720856543	1.13720146194619	1.25221398037768	1.26340323012218	1.1643556085026	1.07529950799067	2.10443116661612	1.17814435534236	1.29941986058642	0.084228610700761	1.16273118387639	1.1942478780211	1.2402689221551	1.27831684665175	0.0978260869565217	0.0604006504666019	0.998508773583221	19.1362508043467
qns31079_082	0.455249301227286	0	0.793635540067512	0	0.423373915148644	0.890276795642158	0.663850149830237	0.368994315999388	5.79373699647993	0.273932130403671	1.60849921248034	0	0.339871817616893	0.289298821560342	0.801869221565907	1.06325423777152	0	0.220117272216125	0.976846277771556	13.7658424557938
qns31079_083	1.0309385081151	0.694332390038065	1.18373368362585	0.0823450067286055	1.0507557817418	1.17344481455207	0.946033867676422	0.687317336584498	3.75721852190429	1.19308192582269	1.46865022729557	0	0.785336095346514	0.851615246380396	1.02465166400664	0.919645701980469	0.0760869565217391	0.0688443902079672	0.997925457281128	16.849100771799
qns31079_084	1.28188587145325	0	1.24021226844307	0	0.770025742900464	1.24540934392678	0.903751178554568	0.671412857945993	5.15078067557862	1.2053056019949	3.28926167790737	0	0.192972328646477	0.549536028962495	0.982882089340362	1.0197431802014	0	0.167136340260047	0.985930409586519	18.5031788458558
qns31079_085	0.174030025295283	0	0.781802280351476	0.151267947384098	0.294811587679206	0.877080580548136	0.398176722504956	0.281222209081371	6.60249204280246	0.327683737832891	2.37992452651489	0	0.218884724072435	0.248408652389947	0.562695684448748	0.864078042528239	0	0.228442983267485	0.976432075504131	14.1625587634341
qns31079_086	0.796761291844805	0.754469709438613	0.836425846267583	0.729350413172271	0.71853668400376	0.810331986081864	0.835506267302802	0.448062569863642	3.57080564397575	0.690186837092897	0.946963660072164	0	0.69666834803164	0.696173875792193	0.851885021602043	0.874270055653643	0.0108695652173914	0.0949451410506497	0.995701202518945	14.2563982101957
qns31079_087	1.29096141769262	0	1.51863977369402	0.32481243143178	0.800861902609232	1.41141405275936	1.08494143532618	0.741380684390043	5.5833067437515	0.377152844776086	2.02397962042799	0	0.59830048605763	0.636203417507895	1.13575512295309	1.4390813363889	0.0217391304347826	0.0914922711964525	0.997169624365421	18.9667912697663
qns31079_088	1.1147420825954	0.804620600883235	0.984674537876903	0.663414650470198	0.986877087681677	0.985862469291992	0.963611686646107	0.893471320235796	1.37130877990338	1.0235178352764	1.03900975671643	0.385865014577757	0.844369537352736	0.871312264010027	0.98132686867566	1.08902207797406	0.130434782608696	0.0473363312407006	0.998772484286716	15.0030065701678
qns31079_089	0.796834493982094	0	0.911185233364007	0	0.721780580584926	0.884560860405006	0.750272291506305	0.401911639861965	4.56142434806363	0.5527153842147	1.16689575238065	0	0.601450220414153	0.542755148853596	0.824202795934435	0.655303352155048	0	0.223423696252476	0.977294052341684	13.3712921017205
qns31079_090	0.888913099399688	0.0861403416372724	1.17958899332872	0.370516342033888	0.776585994547507	1.07601452320092	0.738077624996137	0.537777479369361	2.71322508577513	1.15251389475372	1.92485094379763	0	0.492602262251774	0.71237176201486	0.979999249145571	1.3607783931666	0	0.103971935366167	0.994767348884544	14.9899559894188
qns31079_092	1.2898188191935	0	0.975218708485846	0.575351580901834	0.717452054162679	1.14502008156427	0.551718118020211	0.352615097614609	4.28785512340762	0.969056794434425	2.10357599112188	0	0.24398568779604	0.439090388063171	0.790976662713845	1.03542170393891	0	0.143523636187851	0.989967915686387	15.4771568114188
qns31079_093	1.59925696273118	0.280420328914133	1.39874849205327	0.585276827921234	0.949999787859407	1.48809888258735	1.03320852262428	0.700881673974369	3.27556665012364	2.21173623978882	2.61644110251454	0	0.576459299181969	0.838026414493829	1.14243821207579	0.981813465770689	0	0.1535422062726	0.988580906659563	19.6783728626145
qns31079_094	0.770103727452528	0	0.866530768776596	0	0.707977190722012	0.843842287587261	0.806393321359099	0.489398528336556	3.65401685188541	0.467512354648379	1.11747090211919	0	0.587190445342418	0.555449981283539	0.80632783124607	1.022050629892	0	0.167789282543365	0.986350399594016	12.6942648206511
qns31079_188	1.047171229909	0	0.89777844127371	0.1616120437023	0.701586149454412	0.893464558844761	0.621892952582656	0.430421029820521	2.23144913603414	1.06878731043351	1.22806831047678	0	0.424223650825201	0.555735231532436	0.75263312351058	1.20869418776084	0.0869565217391305	0.0667689878398584	0.998672376019158	12.2235173561608
qns31079_190	0.554442518173447	0	0.742951130577067	0.0350521509199872	0.266631186649213	0.845177523092788	0.477181265570901	0.199968928552041	5.09514514736535	0.23182978053981	1.78150353071834	0	0.165903664464233	0.200973435991716	0.534146928476	0.956584568983323	0	0.196031297536122	0.982324406589423	12.0874917600742
qns31079_191	3.36763956209594	2.19338869983868	3.13286448990208	3.3958157467845	2.96768630648902	3.20353624911735	2.9322001095042	2.56369424529288	4.48552314251246	3.26356899444393	3.65215637947473	0	2.20046258342853	2.85953270305596	3.14871476078565	3.20119812626404	0.119565217391304	0.0490218934675966	0.99871771191033	46.5679820989899
qns31079_192	0.5493560370312	0	1.10330993880229	0	0.430602049646883	0.971260113202635	0.873963908196325	0.491350024052207	4.91080659869244	0.679026581273204	2.0007245091264	0	0.471573220324136	0.398733839959881	0.880385907746379	1.29204752810752	0	0.207913495725187	0.978554404524619	15.0531402561615
qns31079_194	0.990491312329754	0.0103106021209137	0.966008194720377	0.194349341497134	0.528461941958429	0.954778217033611	0.718203923391558	0.381896847659411	4.822511821338	0.615273108592576	1.79363489574473	0	0.402428690759774	0.451102686536376	0.833821188412352	0.87777445247476	0	0.148663251464461	0.989097054011877	14.5410472245698
qns31079_195	0.832949388396004	0.137076492333622	0.967152460519967	0.187797871669776	0.615583790450147	0.945029761839388	0.717637054626514	0.552455479764503	3.98885357539453	0.580275484587469	1.62503052320011	0	0.49520633767594	0.515866559251336	0.836482741712578	0.97276236355419	0	0.203900232180729	0.980836835525709	13.9701598849761
qns31079_196	0.70926533977736	0	0.926719474345648	0	0.423541061263473	0.844895395507771	0.567170738906173	0.288824111322997	5.38028579434818	0.797669229226076	1.37436765754195	0	0.328242389999036	0.312274592896803	0.72526903477677	0.964262003439184	0	0.213287309136454	0.978115657394963	13.6427868233514
qns31079_197	0.537714256046356	0	1.08220407671182	0	0.467815454279745	0.969395230489483	0.647579328532268	0.376417158066319	4.73596040889689	0.0602554668938679	2.59722555455061	0	0.387097858769473	0.437886677473707	0.803997600157133	1.19809678294049	0	0.119043887521794	0.995050684926505	14.3016458538082
qns31079_198	1.08798693876086	0.240150015826338	0.929438828815302	0	0.795189788504415	0.952738009084353	0.752055644373058	0.600086079423439	2.83639540409668	1.3724185587418	0.979315260328882	0	0.575095824838406	0.58785217206426	0.873725347703751	1.01837191885874	0	0.139882002956762	0.990509777751729	13.6008197914203
qns31079_199	0.895755213779132	0.0965647245549114	1.15354535603202	0.192389073817817	0.70274092537442	1.04920352809603	0.843861640999241	0.520633559413202	3.06648114672656	1.16683695616016	1.69292326079484	0	0.519400979344916	0.646827276793409	0.93931017175234	1.11436453815324	0	0.130327255689348	0.991543678454352	14.6008383517922
qns31079_200	0.222587094882547	0	1.19948441747544	0	0.416207850297114	1.05756188001115	0.472971847753933	0.274102632679769	4.73392328080545	0.724729038485642	2.88966695662493	0	0.325861037615894	0.395486198578434	0.93090264313235	1.13330686314184	0	0.152611975987235	0.989573900698429	14.7767917414845
qns31079_201	0.935478715674638	0	1.09985527609448	0.0100634678449413	0.671684717279756	0.941793499705161	0.682695279320546	0.494913304107162	3.80245527528274	1.03172033546835	1.61367939119898	0	0.539495082407548	0.572194162305607	0.917869295125412	0.827523582841689	0	0.160699595182789	0.987025257606973	14.141421384657
qns31079_202	0.638478024371048	0	0.984905916440454	0	0.516366104777562	0.892966939027737	0.666617429413975	0.455418791843937	4.29625017410025	0.733504076619349	1.58962570980652	0	0.415706374978502	0.419089948742149	0.795771720388686	1.14451498701754	0	0.208576599484839	0.978779808123468	13.5492161975277
qns31079_203	1.55531744070735	0.053819114149396	1.21484516279792	0	0.637686925255854	1.0016490445372	0.621720885262187	0.588961785181965	3.13157403802357	1.13916592899518	2.03980723545392	0	0.504612353191034	0.597074950770588	0.903446164443527	1.084664705208	0.0543478260869565	0.0757670097755635	0.998504850940224	15.0743457339777
qns31079_204	1.97378355065916	0	1.20513386913381	0.432398641917164	0.720935467320988	1.18412422854942	0.848288145337278	0.498422928187027	4.75961362203015	0.957953842645968	1.77831167610171	0	0.48268131132059	0.623421356725905	0.987141063489607	1.07399816869997	0	0.166788972890736	0.986346753400874	17.5262078721187
qns31079_205	1.40863561333783	0.162001662499853	1.32455582878826	0.453507802641035	0.761686351283	1.18039225908931	0.958421115287159	0.673891671762227	3.91557429282216	1.61291453137062	1.88198998989978	0	0.396173738439868	0.617945448546325	0.950670177824608	1.02108670530843	0	0.157906376677567	0.987503930089394	17.3194471889005
qns31079_206	1.0306329600648	0.0974816421978375	1.09421634770117	0.418273337579131	0.982799696681376	1.15877726052214	0.891172981230174	0.716078373880856	4.38292886654882	0.878067648409376	1.3796256661113	0	0.735833723434232	0.761822537430042	1.02854244362276	1.33078091595832	0	0.161568458886654	0.987689989852536	16.8870344013724
qns31079_207	1.32783259158485	0.189897723586737	1.69910056364672	0.975306213117551	1.5403447839332	1.54275471397596	1.18469730289289	0.982968968756186	1.90491144679301	1.55353230066253	1.52207068396474	0	1.31773862642147	1.38507165675244	1.5331807414747	1.39788375003265	0.173913043478261	0.0400446230169734	1.00284450625746	20.0572920675956
qns31079_208	1.7056765179826	0	1.36168099878495	0.555690436735518	0.863643284893983	1.33511046832379	0.888409217735959	0.643109215430026	3.07164281502178	1.49052509151971	2.22294353069099	0	0.583933605886823	0.741888267848643	1.18772525330938	1.27141639824818	0	0.107436675764814	0.994245217913824	17.9233951024123
qns31079_209	1.24242942142165	0.154394934707908	1.2228854060519	0.547250730676336	1.18059215715863	1.2091137882533	1.08069984471818	0.851449220552397	3.97279236304703	0.813549564198946	1.52978686305033	0	0.902051598087503	0.934798856052649	1.09526178950703	1.18125995751862	0.0108695652173914	0.0997583619076725	0.994835462585163	17.9183164950024
qns31079_210	0.957889334295239	0	1.05319782585767	0.395892866473955	0.803935939973988	1.14205277310277	0.568369219734754	0.455795524117019	7.32362804950631	0	2.36507256205394	0	0.418551731142734	0.433286115423803	0.982277051526755	0.858906738919675	0	0.163870419632422	0.98799801176276	17.7588557321286
qns31079_211	1.25091356068071	0.0563118497141723	1.10438007606013	0.445322964652968	0.794960037848355	1.1546510945849	0.909719327668898	0.564036299583755	5.16672400909368	0.806764286947256	2.01351901860115	0	0.471965956862087	0.632129227636247	1.02667079269815	1.24762566209407	0	0.198292347188621	0.981783571341756	17.6456941647265
qns31079_212	0.894162929172318	0	1.35637218783255	0	0.299607995092627	1.15510316889339	0.47293188538768	0	4.90376529406925	3.29927887505649	4.15171659228743	0	0	0.125435907386415	0.70119909913878	0.145795095719332	0	0.209482321150197	0.978740874268403	17.5053690300363
qns31079_213	0.918829096354553	0	0.94450226812612	0.316184034663283	0.566132686170129	1.04007975600241	0.644599430725509	0.411271842259309	4.63365603236342	1.50758228300802	2.28377537291647	0	0.388198628471448	0.504704977330925	0.778656277673125	0.980469351091782	0	0.125606776414178	0.993383949903098	15.9186420371565
qns31079_214	0.857997349753924	0	0.989490740012063	0	0.809448562573463	0.958792046059029	0.681416429711893	0.423218342326416	4.64903299959389	0.224169504713418	1.64413782999987	0	0.603054783480798	0.549942475725411	0.865257457448958	1.12939139159582	0	0.127091191987203	0.991863709473826	14.385349912995
qns31079_215	0.437816053872453	0	0.963688024000995	0.294247049196356	0.57848675902556	1.00581443514432	0.802192812946725	0.425366745877478	5.16110688679533	0.661383561547969	1.2978405105518	0	0.403802413057764	0.447562221204355	0.785039661936322	1.15442485858126	0	0.224238226085199	0.976111578731878	14.4187719937387
qns31079_217	0.458966464962742	0	0.786656236576439	0	0.486377781233724	0.79098008365668	0.528396696691728	0.240144445744457	4.52801836755686	0.340728125009956	1.25227703470188	0	0.484863516634195	0.418446991799962	0.738384845469021	0.727995328229537	0	0.201779046391756	0.979498877421596	11.7822359182672
qns31079_218	0.557393464188243	0	0.848262906630366	0	0.335749364077087	0.825883063991144	0.560611300880233	0.209164233418503	4.33029543065323	0.417220116168343	1.37829129565325	0	0.546845455861807	0.450388405324537	0.764665515121532	0.679989073820138	0	0.260149682544089	0.969157095557453	11.9047596257884
qns31079_219	1.17536469650513	0.955957077161294	1.20303333772779	1.18402726066236	1.01734238757827	1.21918012235331	1.09491426724968	0.859595392184094	4.68602626123378	1.01733753216605	1.17776627579361	0	0.666555421876578	1.07206347023468	1.15945490712644	1.00919109322705	0.0326086956521739	0.0840094223376477	0.996684298719688	19.4978095030801
qns31079_220	0.46200452233203	0	0.78846031171103	0.144743190058376	0.430837600937114	0.877921970121196	0.705714267164294	0.290682911459426	4.2083924106304	0.642890450271012	1.72105772332431	0	0.314408356230424	0.337290291038915	0.668651476700193	0.93597711746955	0	0.269158339311055	0.967264700711025	12.5290325994483
qns31079_221	0.572083639698557	0.0508536401755465	0.899548563336537	0.258125598890813	0.463852255674948	0.84614375539073	0.691072655466317	0.505326948341113	4.58678364729323	0.642511135659186	1.46042413214225	0	0.375396213670593	0.40334681099399	0.767758967331339	0.815385725819805	0	0.218601066206283	0.977554074094425	13.338613689885
qns31079_222	1.33907396582091	0	1.52721283505211	0.722988487768871	0.664893284984063	1.36021321921888	0.726925399152366	0.415837050758989	4.33233823495086	1.17154013038981	2.45785305197604	0	0.455628432697386	0.676750055044857	0.939583157784009	1.56895800072588	0	0.102206623417073	0.995706532841497	18.359795306325
qns31079_224	1.56681026366311	0.924121516543969	1.35115371279063	1.02760971824946	1.38602436643825	1.36801407062561	1.39390124975719	0.708339353151912	3.20497741856234	0.944722205730054	1.46044873688896	0	0.635272588694107	1.10191897682155	1.2852831662401	1.38068726157219	0.130434782608696	0.0449829113742375	0.999152315402424	19.7392846057294
qns31079_225	0.635610239449106	0	0.951905452555113	0	0.493660845893251	0.91082068322435	0.653337491365323	0.290736109660701	6.28858246016654	0.0462940847152744	1.3687131045533	0	0.447375581109312	0.372178591155787	0.777780387848803	1.0909790365379	0	0.285484450889094	0.962822290977023	14.3279740682348
qns31079_226	1.06621866664561	0.0935275335895066	1.07746303494285	0.19698439085439	0.589086626877741	1.03555870238184	0.674864221113029	0.420056891287368	4.46955378750718	1.04889278461767	1.58237528501403	0	0.414101080057909	0.522830917245134	0.836029499802384	0.919801081642866	0	0.180296288327555	0.983745376733843	14.9473445035795
qns31079_227	0.928540116298593	0	0.973341482770313	0.740678089890135	0.61255155965173	1.02672015198028	0.707018405858303	0.399228996625303	4.48397706828365	1.36848383119209	1.87571206024255	0	0.20244315927773	0.407619741061831	0.828300803294367	1.00302419321464	0	0.160741381072479	0.987982405490379	15.5576396596415
qns31079_228	0.709042256335372	0.163712213652353	0.911238537836141	0.396607531678252	0.565903332314991	0.951855324559423	0.657683943948733	0.525419993065309	3.51084264914501	0.784270584503747	1.82916900244012	0	0.476672946533542	0.548117124953949	0.827363548961005	0.972249610393345	0	0.182896712122478	0.984059181783667	13.8301486003213
qns31079_229	0.461051866263724	0.12731286749982	0.871862426969501	0	0.507753062798036	0.854606491800374	0.65139932346437	0.30369602659524	4.73913844071469	0.539218660840224	1.49816806842137	0	0.547922063515958	0.494484938175244	0.768327160139775	0.784183640279702	0	0.282871321943889	0.965686230874877	13.149125037478
qns31079_230	0.780239259038962	0.127291016975187	1.10077064170747	0.242306230620061	0.78388145072011	0.998973918513554	0.736575900452608	0.570332683971749	3.13320451076875	0.89280834898456	1.61127601079338	0	0.562231982766543	0.622721217364857	0.904151806433275	1.0343364741484	0	0.164304973973789	0.987560634609126	14.1011014532595
qns31079_231	1.14652611088403	0.0968620935984931	1.05182354095902	0.328918463777268	0.929984479816566	1.00166661718413	0.782529228395519	0.739551352729835	3.06294559903878	1.23474621641169	1.67721213878058	0	0.582528374451683	0.724205429567962	0.947227945758861	1.13572815942781	0	0.143480578250449	0.990181397358453	15.4424557507822
qns31079_232	0.746096902813925	0	0.889435016912237	0.0726595313474962	0.66082681188909	0.887788396780923	0.664601874512715	0.38343639398864	4.52843439494415	0.302875524479907	1.47293126382227	0	0.535824635772886	0.540567635320642	0.744486590812194	0.758653101417424	0	0.199657975005263	0.980544697598273	13.1886180748145
qns31079_233	1.7369899415113	0	1.00139356239184	0	0.735704338077226	0.942039048262595	0.627668300068123	0.523164758778178	3.26539799210449	0.694043076289448	1.05510969121552	0	0.561036719543419	0.611681027270865	0.827758981435253	0.896560605042358	0	0.107748996518138	0.993953950535149	13.4785480419906
qns31079_234	1.20653701114662	0	1.29924226378798	0.347177550005818	0.665840017971133	1.32547980463428	0.676937309888692	0.378318240177703	4.41039374380272	1.88868417283439	1.79049959215283	0	0.43524583965931	0.563331372988447	0.992128982345925	1.46552899858335	0	0.127148228907089	0.991991710214559	17.4453448999792
qns31079_236	0.883978247644471	0	0.964735264521011	0.207021339742007	0.569053804526468	0.953247265234214	0.592408920234131	0.3782954774895	4.30172175798637	0.767585467761747	1.34239167016335	0	0.405998878293352	0.419403489528322	0.772575680577983	1.00636653976591	0	0.160898395141492	0.986789930679286	13.5647838034688
qns31079_237	1.44406180343215	1.03266823280396	1.35327947707287	1.43508130050093	1.26957892316348	1.37965299962521	1.31893834139066	1.13271858272236	2.3737616847466	1.30100111812168	1.43307253651217	0.757715369801155	1.22828110669066	1.30602124087429	1.36902443816439	1.28211826253239	0.0760869565217391	0.071148372864078	0.997885753392999	21.4169754181549
qns31079_238	0.789444934562209	0	0.906567527983605	0	0.291610203853208	0.81880378568187	0.418151984183984	0.195272977690598	4.95105784526675	0.357080192953973	1.78570385256668	0	0.241513137660257	0.253176015877333	0.683914048485221	0.912034552245294	0	0.216827346116132	0.976668774389017	12.604331059011
qns31079_239	0.802278711065726	0	0.809975079234761	0.138534647333186	0.418909420098431	0.87571494233969	0.500143856936126	0.318412517459328	5.79564534404559	0.233570879152172	2.02380761248785	0	0.311578260835812	0.31505680732186	0.755228646601611	1.14302792304433	0	0.196486712767923	0.982387868420405	14.4418846479565
qns31079_240	2.04145551734731	1.15204660456943	1.96068795667178	2.18618362522323	1.86365069230132	1.94687345738633	1.81211800244448	1.29099752204933	3.6847154030718	1.89793385007394	2.24166213722671	0	1.24724693671558	1.74838985001306	1.84561323265557	1.72253260400139	0.0652173913043478	0.0716941611302397	0.997342061283302	28.6421073917513
qns31079_241	0.889635529860928	0.406802975382177	1.03291022405268	0.699329290588303	0.910483923582294	1.04823593946042	0.86275690307011	0.745525230630017	4.30160486350653	0.579152246478031	1.1463363712367	0	0.624155714298387	0.702936806990459	0.976353966187402	1.01198014420798	0	0.15231551779116	0.989143442275494	15.9382001295324
qns31079_242	1.20936154777215	0.335298221954483	1.0889390302579	0.414199504558363	0.850185356738438	1.07683825290481	0.947018039117295	0.746056094805831	3.21044377434385	1.22916739827665	1.30685032111525	0	0.681779024639145	0.737707354764468	0.918442275487321	0.958071379136797	0	0.13057471174656	0.991838476213721	15.7103575758728
qns31079_243	1.60759180727604	0.914639262905943	1.47180933096979	1.56643689903745	1.33941786134543	1.44956403603382	1.38079784811592	1.10210823549178	1.92923445639505	1.6934053421033	1.7979033462442	0	1.013851014808	1.29571780750962	1.41549024260209	1.57936360896344	0.0217391304347826	0.0918216594202403	0.996737490764719	21.5573310998019
qns31079_244	1.18528332638319	0.135980140726813	1.08568188923563	0.484136892893665	0.735233357498722	1.08930540792963	0.728109616208291	0.50803690623523	4.19021605675434	0.808703974901964	1.4449192907906	0	0.511664719379324	0.588005748587351	0.945682677162833	1.08323574529848	0	0.147338200398143	0.988959553732197	15.5241957499861
qns31079_245	0.714258038131724	0	0.971598776757383	0.650927919386021	0.651674058546254	1.03731543317055	0.688357590748444	0.521157304783311	3.94537282102538	0.912350816929874	2.71963310581605	0	0.401056605057752	0.539962001738578	0.890148899003286	1.03809509307563	0	0.163847329644342	0.986384033347026	15.6819084641702
qns31079_246	1.18092544657514	0.296700239865064	1.06007575032372	0.825480979579767	1.03047168179407	1.02881484068734	0.908993267945914	0.699771501666871	2.19955642753944	0.769038362216632	1.27916594337861	0	0.845007947580132	0.927058888903873	1.01229895190234	1.14387188716292	0.0978260869565217	0.0603316304729086	0.998300870616219	15.2072321171218
qns31079_247	1.21202342169351	0.0619763888521385	1.07670110331261	0	0.543621684571886	0.895594626670265	0.603477873289798	0.275258352118664	4.83816174506951	1.26710216612523	1.56910904875787	0	0.288376232197395	0.402876501644628	0.827909357402704	0.850965529531821	0	0.177422855730415	0.984571746767127	14.713154031238
qns31079_248	0.752988263865823	0.0682545856825193	1.15104528453296	0	0.543430653294107	0.978740753794266	0.732471717597325	0.506111534055494	3.31145479722843	0.785798479069397	1.70789174855553	0	0.482013551969215	0.48042330496069	0.836446860220313	1.20545280253284	0	0.191594464467511	0.982784700416821	13.5425243373589
qns31079_249	1.48782142226841	0.924710537361511	1.39946536447824	1.38300260040655	1.38103351337351	1.40009958473854	1.28883586815839	1.14963506116376	2.18076082545526	1.54002808607389	1.58242544382001	0	1.14528090800177	1.20149473500748	1.38575094263268	1.39268598402494	0.0978260869565217	0.0624362115730351	0.998260924677324	20.8430308769649
qns31079_250	1.36483415776125	0.690379905406674	1.25640748949854	1.20671170814924	1.08413224618188	1.23982412141132	1.16108480582753	0.735595291448118	2.35207428198298	1.33219338297278	1.50643921798727	0	0.907504923320018	1.07220052656485	1.23141648014378	1.10551296613951	0.108695652173913	0.0560808582065972	0.998339030379774	18.2463115047958
qns31079_251	0.94440469901452	0	0.812334701634027	0.064105082404	0.473767375956099	0.901105482246311	0.589716728021348	0.419700589500118	3.84630492065336	0.599265261641557	2.03668449983681	0	0.319212956533523	0.398419228206984	0.731228847695065	0.83070472583182	0	0.102388322725114	0.996691061678769	12.9669550991755
qns31079_252	0.833265977112177	0	0.955257090279257	0	0.771204410723084	0.931508652128659	0.875851484854725	0.445112254217499	3.99875364371423	0.737369565098086	1.7488774289514	0	0.455448674349693	0.610708507707441	0.875399838657672	1.01626164917734	0	0.226089012014544	0.977485410974297	14.2550191769713
qns31079_253	1.39384090512281	0	1.25732338742672	0.682737475597894	1.09077839376225	1.2753943132729	1.07658350556888	0.869177955326487	2.53923428388364	1.7432879207238	1.60342295969118	0	0.802398340186743	0.905941658964855	1.09221514755335	1.31506753272759	0.0326086956521739	0.084562172329111	0.996464073422798	17.6474037798091
qns31079_254	0.365714118915264	0	0.989972917798744	0	0.628705496468942	1.03817576855312	0.527499629403271	0.539211594847302	4.27908297809467	0.665225954583293	1.89807095617564	0	0.46001494886304	0.503963938407813	0.866334195600147	0.851998778242175	0	0.179466254676703	0.983699744739596	13.6139712759534
qns31079_255	0.713880216638661	0.00976405085780013	1.06981718515843	0.211450869206285	0.638419375247003	0.936636455856674	0.691833389097304	0.575463187511905	3.88350661005186	0.594121515965535	1.71954364181072	0	0.511085889375316	0.562950481471075	0.855351089840012	1.0078988949221	0	0.198691177608834	0.981560427494328	13.9817228530107
qns31079_256	1.06251728102344	0	1.3487769921507	1.11904131888188	1.13110957274254	1.37355334671101	0.952985576384819	0.848148276317661	4.73836494414841	1.14322221503113	1.43417647460029	0	0.871186501967544	0.97439255368341	1.24147112533166	1.51231818942478	0	0.116676090416922	0.992934294272874	19.7512643683993
qns31079_257	1.02329393650945	0	1.04939015283561	0.461599089246067	0.747446299902408	1.02023529399199	0.877169559036806	0.541628407268208	3.94567722002958	0.816399979985413	1.4675117531093	0	0.503770061856594	0.656772424921603	0.891926146903432	1.1230809534844	0	0.111873125648126	0.993539306925389	15.1259012790809
qns31079_258	1.80443866645944	0	1.88598215710743	1.8214938565828	1.40865657260134	1.82381005965909	1.40786846148242	0.756806794320937	3.13622919507133	2.03419724755271	3.17436471176257	0	0.883979758116372	1.23025777058218	1.51719925026603	1.80658255868408	0.0326086956521739	0.0877223481498202	0.996340059883171	24.6918670602487
qns31079_259	1.13920958202868	0	1.07075074039636	0.229098879750756	0.648676019783178	0.967929446242976	0.629358180172918	0.413915435292603	3.90880480303956	0.644999326236732	1.38763734629508	0	0.406825426850262	0.478306620166528	0.830069770014909	1.18821483624172	0	0.135385473445544	0.990540702224579	13.9437964125123
qns31079_260	0.380026844340735	0	1.0354616759416	0.175614296313183	0.613970153953289	0.974540792877845	0.564528315819971	0.339921923958634	5.48326354815388	0.552997520277212	1.71804635070217	0	0.430994242612456	0.422648039474806	0.786970202375113	1.03318387809094	0	0.176557616351611	0.984296771782259	14.5121677848918
qns31079_261	0.488246587023768	0	0.898479042765421	0	0.535601820048526	0.86939934282079	0.651418416302644	0.0491253699166565	4.84853654146022	0.67819162338987	1.46268949491972	0	0.478970306271527	0.452734085476181	0.773854119878737	0.668848662263095	0	0.211076527432134	0.977572988590328	12.8560954125372
qns31079_262	0.58764388709827	0.127809136613864	0.897082333324247	0.448994929557102	0.682328085742793	0.955341964473557	0.608234714405066	0.408200118414502	3.41749021298733	1.02072514202684	1.42401638932177	0	0.413974186089687	0.460659375844	0.808474081126765	0.804999887437791	0	0.195804177926689	0.982040064074361	13.0659744444636
qns31079_263	0.44747153439559	0	1.17222758321974	0	0.676121394123517	1.06236941965936	0.655295286882993	0.410460361182879	5.34349402679145	0.546736765151008	2.07046196046697	0	0.390144332745561	0.463170141069199	0.861015218429062	1.12268820194572	0	0.111017839140147	0.996288466460731	15.221656226063
qns31079_264	0.794111989640849	0	1.03778397459886	0.247813230273684	0.648317057996873	0.994763624304946	0.805875852558174	0.492289297131696	4.79251087249718	0.850620211507762	1.9431758495804	0	0.374046178545905	0.429752092543818	0.819375194539152	1.08877176852905	0	0.227510566956473	0.975955805827334	15.3192071942484
qns31079_265	1.02050169069924	0.177475134084402	1.02602640412045	0.410162932095574	0.610211820210006	0.988699903096904	0.679630416498011	0.435526161391487	3.36046787036065	1.30330576847282	1.83829324338786	0	0.418259537599209	0.541048727675318	0.849805874828745	0.978940820895509	0	0.146429427759062	0.989024308111552	14.6383563054162
qns31079_266	1.72202943785195	0	1.30885976177528	0	1.07695480563706	1.079036662094	0.211695481684331	0	3.87197895555056	2.07858488890045	2.78442226887065	0	0	0.631371867595244	1.14675242713283	0.812989662262622	0	0.203731616214208	0.979003532260149	16.724676219355
qns31079_267	0.752698736506999	0	1.08672835686103	0.156223053965587	0.698481152289956	1.06195924808825	0.755602582866193	0.439630645891427	4.30162177804797	0.880226945631721	1.78518521967955	0	0.418230717152888	0.495760375518785	0.889646416506884	1.11016119931371	0	0.188068792669275	0.982369473236285	14.832156428321
qns31079_268	0.990837810109947	0	1.13523569678668	0.409037620890563	0.71981473348532	1.14995836519093	0.787930559665457	0.39338971688278	5.33117523631577	0.581811052911978	2.0852733843779	0	0.439918153856332	0.521110677582786	0.945779060411941	1.19997978181647	0	0.196956158318725	0.980893891021664	16.6912518502848
qns31079_269	2.47061710205965	0	2.58372787027104	1.96020769981532	2.6767854064245	2.41260062409532	1.52971367526786	1.69081737334004	2.45098250392407	2.46601880292826	2.51145302442088	0	2.0855315288452	2.18539972137207	2.36217461680064	2.20493226533955	0.184782608695652	0.0339877904438692	1.00279580165214	31.5909622149044
qns31079_270	0.455782515326811	0	0.953821538749008	0	0.57052275496227	0.862987527786259	0.731201565643201	0.20175862402326	4.43360343263113	0.474724837104002	1.18220141250484	0	0.643119960649493	0.579215838729247	0.822182427544973	0.733928224941917	0	0.219223914723479	0.977416856910458	12.6450506605964
qns31079_272	0.271565230617568	0	1.2080558478375	0	0.594390812923922	1.07262652512642	0.76832688842239	0.368409933043575	4.4121059205798	1.15940164066712	2.47691569151749	0	0.539095169611302	0.422046222331182	0.833417816468506	1.07201668149145	0	0.171699559538792	0.985038998696954	15.1983743806382
qns31079_273	1.2455757833314	0.0926134087143214	0.945239476274146	0.288943151513657	0.598153297062884	0.934169932629336	0.697387324608965	0.49389275158642	3.60271689547472	0.789489290800491	1.63390724210883	0	0.482229925984472	0.530858803210044	0.830307527906888	0.877311862267565	0	0.173923112962631	0.985513683742312	14.0427966734741
qns31079_274	1.40913051937549	0.0304317605317403	1.15042360264365	0.149862453018632	0.505626597791226	0.968721290143814	0.737616889874095	0.511968498215412	5.20358558332156	0.630892929283345	1.46990483178026	0	0.415765446579487	0.485099728247034	0.842922162149782	1.07541420232844	0	0.178885286995888	0.984278371302045	15.587366495284
qns31079_275	1.175275137316	0	1.33284808281033	0.80210137561103	1.00683506159856	1.30110235553067	1.00068389455099	0.612748430675083	4.69050596783434	1.05864027677535	2.09301343859618	0	0.658179174370261	0.870901908740765	1.14152921742649	1.22782967532928	0	0.136338904908415	0.990454280551048	18.9721939971653
qns31079_276	0.7514405720173	0	0.824075506037679	0	0.335118288166846	0.871105769249836	0.659817573954718	0.193891809975307	6.84799278311716	0.188857347123942	1.41110536374479	0	0.238465789716411	0.164531385217484	0.624860851584112	0.766081245019178	0	0.216267076450249	0.979743247950291	13.8773442849248
qns31079_277	1.08527486853891	0	1.17295409498688	0.585140126945242	0.878151375285588	1.1798352261191	0.884380027789605	0.661061145993747	4.12637819252552	0.974692212893895	1.77179723534886	0	0.57930698612229	0.766028150668327	1.00096291340572	1.0987803712338	0	0.105116174888791	0.994271563280034	16.7647429278575
qns31079_278	2.71904296849168	0.163319964219848	1.58729399336933	0	0.555320916115901	1.27154421893446	0.883573035768075	0.529645569283515	3.90773412477669	0.76756461921086	1.64614335956215	0	0.6340385776178	0.665229443510523	1.04353067875877	1.0448625641824	0	0.172380233861469	0.985915109981647	17.418844033802
qns31079_279	1.00753419812253	0	0.946308132316296	0	0.494017162997071	0.937548137572487	0.694286894449544	0.379004801042632	4.32385107528826	0.532826900932021	1.76000460954206	0	0.454904386982514	0.457365415983425	0.799228514181742	1.31527506393326	0	0.205408058369473	0.979574947794451	14.1021552933438
qns31079_280	0.48372274879649	0.139196189785083	0.984867541158701	0	0.673417739838541	0.97231141188675	0.65162800287285	0.580677215819026	3.36946481798106	1.53527588320854	1.68043469051517	0	0.443232720533881	0.532119785576883	0.880661433830638	0.949009983899669	0	0.211109543214872	0.979620144540841	13.8760201657033
qns31079_281	1.52568999042709	0.434543218884284	1.62596667173766	1.07998660598294	1.26151998455792	1.58055670610495	1.37911460887704	0.956002326410564	3.85416057541	2.03627044733605	2.10592283177229	0	0.992586529435513	1.1801903771206	1.38888231001534	1.14993269143978	0	0.106791498923621	0.994431055124424	22.551325875512
qns31079_282	0.803646481301651	0	0.940037276137618	0	0.617980409248794	0.907386449470405	0.700487340037942	0.415298299984447	4.32566450261262	0.578265453223899	1.48530004005947	0	0.667636941335264	0.612343432374722	0.877656742393689	0.960202238993451	0	0.155232986058098	0.987639461195127	13.891905607174
qns31079_283	1.17935079458964	0.429238707326075	1.10631952360692	0	0.850089995640298	1.13885951297782	0.999702276025407	0.565724687352045	2.93044970648017	0.972268477952771	1.52195294743083	0	0.822267419368065	0.867954073901045	1.038379582319	1.33456123539166	0	0.115273017291182	0.993947291451077	15.7571189403617
qns31079_284	0.216254198810868	0	0.80564673420547	0	0.474148249740888	0.887165876904253	0.643943950433565	0.380196675396856	7.06738535272729	0	2.05927143749612	0	0.393635287140443	0.39216103134858	0.78788893620503	0.554382247926573	0	0.213337136950657	0.978644234698215	14.6620799783359
qns31079_285	0.914751479912523	0.183549767234907	1.10888793023992	0.308597197277784	0.872684718574642	1.05921697584535	0.639501065993311	0.48503849036927	4.56624806317258	0.588578727609385	1.23706403724371	0	0.686516643620273	0.714361941503962	1.02612946355689	0.956876597831396	0	0.178470864917736	0.984919751120143	15.3480030999859
qns31079_286	0.856964063464978	0.0331590336533724	1.04662946368706	0.105321950595534	0.67916152923074	1.0308291391324	0.617548877297856	0.418653888021847	4.02706467967377	0.96217497447545	1.54547322673667	0	0.458970356207542	0.509315799090363	0.869628516809571	0.854442711035368	0	0.147409694376452	0.988808634530301	14.0153382091125
qns31079_287	2.38720022483735	2.01733066922817	2.19642283966951	2.18288095418804	2.05775740748582	2.18863260580311	2.17356098437608	2.00889302385603	2.81172562791688	2.40810065279307	2.31944514210352	0.480737716915694	1.81643365611573	2.08149126660313	2.14773383074525	2.12363302872538	0.119565217391304	0.0493932345086072	0.998766395028816	33.4019796313628
qns31079_288	0.153962474355454	0	1.21054840048343	0.10751480354397	0.594657222036496	1.09460011394625	0.649911692028885	0.396981610438774	5.16645231172531	1.55174456731819	1.72190649126071	0	0.405945039958837	0.331841961427689	0.942502385004939	0.51978033765831	0	0.181883089448577	0.983068938004091	14.8483494111872
qns31079_289	0.505316688512074	0.0682712286804897	0.914736858505241	0.0792908075226059	0.526382263390614	0.867746745597749	0.634419402363591	0.419272543849187	5.15400726211514	0.321187911945648	1.32329241131148	0	0.424634699003307	0.406322619473261	0.752025572298422	0.968108490327185	0	0.226918074392008	0.975298971498118	13.365015504896
qns31079_290	0.825937035369891	0	1.26379513814443	0	0.6543222852601	1.14290605164711	0.664532339927624	0.539672268271666	3.45498118218634	1.22534431984588	1.63254022076452	0	0.516768532773549	0.555158378034522	0.93611623178762	1.26668617890094	0	0.104107541997184	0.995829256850969	14.6787601629142
qns31079_291	0.852306174093542	0.478961680582475	1.00708835001365	0.228533544177011	0.979961587131607	1.01942105774942	0.891192570724104	0.70079266925553	3.46797684050381	0.79539611227998	1.2627707598391	0	0.778100371837677	0.836670608742951	0.999843585295928	1.15234718308174	0.478260869565217	0.0103885539609624	1.00290310378122	15.4513630953085
qns31079_292	1.3692254921844	0.94275890823512	1.2526549951108	1.2881035193916	1.05374125309784	1.21743661832067	1.10170733006002	0.65244454822477	2.62217017278834	1.15142038280485	1.364995859258	0	0.882758598229785	1.1818100426243	1.22631399088957	1.06510022435317	0.0978260869565217	0.0622928505083049	0.997863516500192	18.3726419355732
qns31079_293	1.32477000256618	0.224737187173331	1.50907170965296	1.29662469666113	1.46829902519767	1.46272846329411	1.16769944404673	0.92727827687418	1.73907792227345	1.48476736355421	1.3992970642985	0	1.2575461282933	1.31135729168849	1.37654756408134	1.22471028763952	0.0869565217391305	0.0661414231458056	1.00026958416263	19.1745124272951
qns31079_294	2.05669227364759	1.08282728992298	1.78894345357351	1.89713797985878	1.75830200841799	1.8027041439177	1.71398935207204	1.45547398243534	2.40923982974742	1.89031695415433	2.00838120428805	0.441915343124388	1.47179095981416	1.64453804198723	1.75871227851017	1.84221589197839	0.0978260869565217	0.0638801390640366	0.99820141731199	27.0231809874501
qns31079_295	1.23799042975213	0.0773582744764398	1.32301746686041	0.0281339954819801	1.16667294434304	1.35258684689006	1.29532018632968	0.760911658350858	4.6510572238027	1.09526957421234	1.62406095906747	0	0.897787907487249	0.933599829982875	1.19372036139309	1.49353040847627	0.0326086956521739	0.0848470248860124	0.996564494149118	19.1310180669066
qns31079_296	1.35418393425377	0.103643303367494	1.19389884571146	0.496978533188406	0.78307154543977	1.14609716241916	0.815071873223788	0.62037028198018	3.26789968256849	1.08105655843215	2.06664890012669	0	0.555230614720655	0.69003379738395	1.00617546007924	0.945696878219558	0	0.176812963429813	0.98594869293194	16.1260573711148
qns31079_297	1.29040013201108	0.172002334715609	1.26489637366146	0	0.675283050597289	1.01452936296481	0.695867161525968	0.609332230374745	2.63371765130244	1.73729574524135	2.22767037070398	0	0.531145612771874	0.70042898159136	0.948477516268659	0.678991212495377	0	0.22727099795113	0.979386823291174	15.180037736226
qns31079_298	1.35803107203806	0	1.17110932151366	0.393553701232293	0.735223926208427	1.13476522820262	0.769675022132774	0.538434707236322	3.7740685132111	1.26622184147464	1.69208986087281	0	0.508606844016115	0.584742856583524	0.969546278467072	0.756027459517638	0	0.172356284527916	0.985655296629804	15.652096632707
qns31079_299	1.58208802263986	0	1.04495932522442	0	0.401552898453264	1.0070656152918	0.462162486298385	0.20634135865345	5.32493185058971	0.652780379050392	1.64127656879995	0	0.322262149071047	0.38194807615482	0.925056830927716	1.13826386139178	0	0.137553437694841	0.991921621463715	15.0906894225466
qns31079_300	1.76927556162671	1.24826852482672	1.69496196465217	1.5625635332397	1.57117957753668	1.69218961595127	1.63008488321767	1.43892591013196	2.26813637273818	1.68340132978745	1.85222981653498	0.638309530972856	1.34301233291291	1.57888761529507	1.63804870379811	1.56642682480204	0.108695652173913	0.0567739376849292	0.99847850269088	25.1759020980245
qns31079_301	1.14338529986025	0.0169418574509123	0.943556657668092	0.211306742440864	0.729230129634007	0.917639683695095	0.703018630138923	0.525453809748527	3.95292807444877	0.446463861044005	1.59774715464216	0	0.553196922360507	0.5568502944763	0.889608779421556	1.02947988359476	0	0.175803802070229	0.985215231872589	14.2168077806247
qns31079_302	1.29117340515122	0.281652445367904	1.37364695153763	0.513135555798619	0.938766735545154	1.3131940703699	0.830482015569226	0.577010355017241	5.13495673144209	0.942433822926683	1.83726070709169	0	0.532427921314532	0.663515188748529	1.04078229182076	1.24563137185042	0.0108695652173914	0.0985077926972026	0.995676809516158	18.5160695695516
qns31079_303	0.76928427976687	0	1.22329680758319	0	0.644316763331684	1.02395437767366	0.707315863597154	0.422849434670743	4.89675079123622	0.181300121600413	1.63594388798404	0	0.506835351745893	0.448685418274373	0.86180506443006	1.11748603866338	0	0.177546581005968	0.98393838742131	14.4398242005577
qns31079_304	1.19314353143185	0	1.22726204733906	0.12660371149111	0.729864341000191	1.20589632202265	0.718278853314589	0.479369043442949	4.4439988473656	1.32162509856557	1.92002897855152	0	0.440815549299995	0.554600795794062	0.896676920534903	1.36247550833605	0	0.109447858004295	0.994697849888699	16.6206395484901
qns31079_305	1.20207372345024	0.250900407140167	1.15909568348675	0.0286476437410503	0.708465365732013	1.08410575039539	0.957546428326684	0.608658097688649	3.04298039969124	1.39955878301099	2.38058576557011	0	0.591779938400037	0.716220999982123	0.96775489455272	1.10184745047066	0	0.176373407270642	0.985698072233875	16.2002213316388
qns31079_306	0.852123403096916	0	1.3035714408633	0.146144788734995	1.18467677121621	1.27441904931092	0.989214089643145	0.792507933237613	6.42592938147178	0.634438731597449	1.60827093535361	0	0.761225316555535	0.800540851567028	1.13866708795019	1.4083183499555	0	0.115836612282957	0.993481757140457	19.3200481305542
qns31079_307	0.842450102648334	0	0.902071795377008	0	0.663004536031283	0.91525470005259	0.679610880900294	0.400571816217809	4.49927695809221	0.602733890985242	1.24574193764333	0	0.688763875744372	0.588135524137894	0.836482939285937	0.919081675866852	0	0.141112581512003	0.989694815037316	13.7831806329832
qns31079_308	0.982888702284908	0	1.24009093040912	0.138841870174021	0.682302346054907	1.23976453148747	0.513966257415646	0.354278239819577	3.87725324605192	1.43192355221786	1.66917005059383	0	0.388543279982439	0.473969650674144	0.882758183816108	1.12254933442261	0	0.122121198724354	0.993403803028938	14.9983001754046
qns31079_309	0.55374230612225	0	1.13752926675842	0	0.378091169796533	1.01624278224901	0.478205326051389	0.256911338789597	5.80289201635837	0.413734532458673	3.25846261309055	0	0.321896620795614	0.290115369750378	0.844959571193419	0.444188575497103	0	0.217247450829071	0.975887074257917	15.1969714889113
qns31079_311	1.32275800063314	0	1.26795416496779	0	0.711323061251897	1.0626554729443	0.709761214144145	0.523151004963707	2.57545929247372	1.27719596451665	1.99877194760919	0	0.521542728631062	0.623046367989449	0.976433141726272	0.806225851657207	0	0.102371507292013	0.996198008897642	14.3762782135085
qns31079_312	1.53902449866704	0	1.16499271528495	0	0.507071194494001	1.01955272075947	0.651242182184376	0.424902518035941	3.17551916935769	0.568559286622052	2.16192396903602	0	0.512745217857452	0.482762432200772	0.968336714600237	1.65702262517409	0	0.127940379896409	0.991719133352199	14.8336552442741
qns31079_313	1.22123265622985	0.522694293084281	1.25247986037383	1.23374949120701	1.14010106830725	1.17184448992028	0.951844405762205	0.725930061404965	1.76413597192904	1.03983782625796	1.37753411725278	0.0898996321598698	0.901350234828012	1.06521167613251	1.20385584095004	1.15805125729428	0.0434782608695652	0.079524457194181	0.997737018583671	16.8197528830942
qns31079_314	1.43242814315407	0.194945349963985	1.23722488971184	0.971380902218393	1.06365309773501	1.30583873511481	1.17029462799318	0.803026163419985	3.91374187570195	1.12291124486351	1.64403293025517	0	0.876414282462331	1.00271692410816	1.17565202243405	1.2347778080049	0.0652173913043478	0.071575332675722	0.997233988977719	19.1490389971413
qns31079_315	1.27253858004775	0	1.06777830131611	0.287784591667101	0.521565822106121	1.00491830536453	0.68760330293608	0.503315925831595	3.24221733749071	0.915047463514709	2.12635710253322	0	0.415505854352482	0.553762115457558	0.873515618694746	1.02911126555682	0	0.195654142483217	0.98208856944577	14.5010215868695
qns31079_316	0.93794874847484	0	0.850888587206931	0.00749616359345478	0.467863276527738	0.784820719533409	0.470908392646249	0.379105069531082	5.24483873783389	0.321089603296854	1.54099634072638	0	0.396564893780701	0.396705780357285	0.736704800000003	0.649859467809172	0	0.169911807965154	0.986281257544881	13.185790581318
qns31079_317	1.19326787004468	0.560040673734453	0.994337092911204	0.774687149639318	0.947224588434505	0.968288695942155	0.926669395505101	0.766232682615423	1.40289646977407	1.01782281666566	1.12589506286706	0.0119028261635983	0.787830596350351	0.882999482072421	0.945141622994688	1.04600234591569	0.989130434782609	-0.0447228375128742	1.00282391911641	14.3512393716304
qns31079_318	0.662866983101349	0	1.19090799771029	0	0.522455996554261	1.098508698242	0.699897306963195	0.368820822559769	4.67901106654153	1.29906731515093	2.10739808117843	0	0.431837362757114	0.467385679338429	0.829512185916277	0.541256209782252	0	0.164780456574527	0.986209885560401	14.8989257057958
qns31079_319	2.10243283497914	0.0176594026312992	1.31409356904961	0	0.665632527324778	1.10342020957969	0.676284380681411	0.41702491330043	3.16352949110949	1.85601349650412	2.21654330656454	0	0.358951523003433	0.514513802059805	0.906046043497256	0.469038397611433	0	0.137639231830501	0.990355285188771	15.7811838978964
qns31079_320	1.12299870074193	0	1.35174890401695	0.352673965993688	0.753052769376953	1.33726840739324	0.671080042231439	0.519954493953466	6.01907454746204	0.974584303331973	1.93115968330952	0	0.578512442159697	0.606502580707387	0.998148926067349	0.923473843738799	0	0.119328199300305	0.993604602987366	18.1402336104844
qns31079_321	0.969680524694277	0.155768303359626	1.4019888491055	0.516273955500292	0.791530606108177	1.22952914283241	0.856216155632956	0.659104378323209	4.3516910170594	0.859541437833991	2.0327919117342	0	0.557660710432015	0.705352255134553	1.09645727076569	0.687968977993084	0	0.119811691279416	0.992921468979287	16.8715554965094
qns31079_322	0.354074067701455	0.0783486930261518	0.853472894767378	0.182836366733795	0.533336824621811	0.900346546539926	0.448176856873646	0.45662121034703	5.15059634464083	0.290731418361058	1.66606165659812	0	0.440606040445088	0.433408213290873	0.733001203044036	0.721157326483458	0	0.198376292695782	0.98022305154566	13.2427756634746
qns31079_323	0.595780830757784	0	0.995583920844933	0	0.734550496233862	0.918897990522602	0.777180959766697	0.457286041134261	5.00085259891324	0.432931633490205	1.16565059557005	0	0.600925983116062	0.609364456228833	0.892377988730525	0.831387010644892	0	0.186385409501295	0.982693810404079	14.0127705059539
qns31079_324	1.47333713133207	0	1.32037984318899	0.597783899122537	1.0817324415348	1.36372388248745	0.822558831692513	0.724814773323109	3.5975049915666	1.3946224699457	1.69835259487437	0	0.697118022057087	0.821067377770465	1.18258168357865	1.24510575381452	0.0217391304347826	0.0890911752542061	0.996145105690095	18.0206836962889
qns31079_325	0.704418698776448	0	1.00680413120388	0.172672244187962	0.594057285781301	1.02348999686964	0.704676885373764	0.428902315590437	4.01147039087769	0.984683766441165	1.52864852785575	0	0.452453061161065	0.480698204034736	0.775139507361205	1.099893026005	0	0.188934216447099	0.98232804176109	13.96800804152
qns31079_326	0.352297105396582	0.0752261547750747	0.904660123753776	0	0.468222571466207	0.823484732953189	0.582275380357518	0.398847889044116	4.72744182776658	0.222451021213749	1.47112749115828	0	0.452264427355901	0.37258634873077	0.741337735473015	0.966090911234443	0	0.225292403816543	0.975157282183647	12.5583137206792
qns31079_327	1.53791827544975	0.202626490134941	1.25499647946624	0.00280844807286273	0.701837056810273	1.1062738820939	0.759273263976379	0.497043855465683	4.05521077675408	1.24521717075334	1.5090230917513	0	0.480073637582153	0.628218409730852	0.912501298544045	0.822054212443262	0	0.14951079725932	0.988544163497359	15.7150763490291
qns31079_328	0.986405603866185	0	1.16222656509164	0.731232333451565	1.21218250410603	1.09455709117954	0.646945195162195	0.658993538896205	1.40549772516874	1.06244362602028	1.04388842771974	0	0.879393102956284	0.908594572251593	1.06967901790211	1.03913264904156	0.0434782608695652	0.0799988411331826	1.00017177786271	13.9011719528137
qns31079_329	0.322887272343306	0	0.998746976322208	0	0.357096022075589	0.808702399710999	0.610718557399488	0.167644970761905	4.92593246716103	0.991798888934782	1.19783539275962	0	0.234069557539603	0.274946844020431	0.697618351084642	0.652192224673413	0	0.171841086402258	0.98589805232404	12.240189924787
qns31079_330	0.801462569673999	0	0.938471589772762	0	0.443810583167649	0.823992930553958	0.527503732141298	0.39383164214025	4.47808726794765	0.338442321387073	2.12558972754163	0	0.3579672958322	0.369207255155407	0.782431932943298	0.989547606858348	0	0.153968390858574	0.988371182051917	13.3703464551155
qns31079_331	1.05820565449431	1.00856091156221	0.993934959639485	0.695269867466932	0.992140136876577	0.9937087467064	1.01012323716661	0.893314358492738	1.18816583827088	0.972363562891878	1.19941992764849	0.9362559892968	0.894251806594904	1.00238787323422	0.978851372150421	0.984922945290513	0.989130434782609	-0.0512978098094673	1.00137456070684	15.8018771877834
qns31079_332	2.61074794467173	0.984875629106151	2.25857959504935	2.48119693109405	2.28433318377911	2.44602818016615	2.27492252033587	1.38306685900136	4.72233310093786	2.03332088697216	2.63839505010859	0	1.83929867119297	2.22601160278627	2.21339473476864	2.44471713696772	0.0760869565217391	0.0688516551492466	0.997643131362815	34.841222026938
qns31079_333	0.561654550979377	0.000252146735579075	0.859445382857311	0.0218926137084003	0.511610673909746	0.866721380383443	0.604444795759152	0.368786194078584	4.75229797668679	1.0666543854993	1.54750938541663	0	0.344680851032187	0.367101189743214	0.761479894955524	0.963038621530965	0	0.222684370007507	0.976335893206903	13.5975700432762
