Mixture	TS1	TS2	TS3	BS1	BS2	BS3	NS1	NS2	MS1	MS2	MS3	MS4	DS1	DS2	DS3	MK	P-value	Correlation	RMSE	Absolute score (sig.score)
qns31079_044	0.0848224024671321	0	0.117561065419589	0	0.029943884660291	0.138570320160381	0.0369811285597875	0	0.820107993725413	0.133192629682616	0.319815854216574	0	0.0017274742225292	0.0206332569535939	0.0628543180457345	0.119156228557444	0	0.313818050666737	0.952766961477592	1.88536655667108
qns31079_045	0.158600331020042	0.00327281577479168	0.140637922427558	0.0252622654056155	0.0699350829417668	0.135542337832896	0.0814835405583821	0.0634622963453951	0.439383271358209	0.14991235068703	0.205852928178608	0	0.0545256151656516	0.0673879788467212	0.101630395705462	0.127867298684721	0	0.376996645909318	0.955329556222593	1.82475643093285
qns31079_046	0.177628521235535	0	0.166795537206926	0.0551821321405264	0.0850914452563456	0.162774723042181	0.0931214319105742	0.035741949524654	0.461711277039761	0.156291157037197	0.238664673741619	0	0.0186222808089212	0.0613266186870403	0.106787648278928	0.20211226850696	0	0.23613863926729	0.973912525584037	2.02185166441717
qns31079_047	0.0435818410263037	0	0.101660761999738	0	0.0494175900360117	0.108091358726267	0.0612437922315534	0.0154050093270811	0.649542840580243	0.302729705482095	0.23248242032034	0	0.0123499976765448	0.0212551799883514	0.0857579196019148	0.114473763356844	0	0.42373601915816	0.929735245185461	1.79799218035329
qns31079_048	0.178008489466412	0	0.138883524596186	0	0.0667240167318836	0.133221759092921	0.0699450158089949	0.0304795193326435	0.611310447293966	0.171766405190209	0.199844400123691	0	0.0174836565190689	0.0239060757740753	0.0871064743849402	0.0724132268800251	0	0.396486558269479	0.938604680610795	1.80109301119502
qns31079_053	0.103569951894211	0	0.150620345519963	0.02478503737362	0.0687861352875258	0.137217377300851	0.100783312162785	0.0323257775729472	0.516083105852918	0.215470615718646	0.234143615936314	0	0.0366256607427865	0.0590108066348708	0.096520106729934	0.145658869752691	0	0.410772153938855	0.942203121248497	1.92160071848006
qns31079_054	0.0981070840746046	0	0.132523546364202	0.00732533358277944	0.0718489208354857	0.130383228589212	0.105869290208077	0.0309722928925566	0.68204041725893	0.157178035940266	0.208686051764251	0	0.0391560393638488	0.043300810677423	0.0975910288836632	0.0666228198421197	0	0.39093249800272	0.941637774627214	1.87160490027742
qns31079_055	0.105265568421701	0	0.166846189101536	0	0.0696394386366776	0.13905962227457	0.0816365035330297	0.0468396278154953	0.533610713153887	0.14791879105872	0.275539840764035	0	0.0469801510556119	0.0585906015575524	0.100878794077103	0.0734937339081195	0	0.341943829351578	0.953809433181277	1.84629957535804
qns31079_056	0	0	0.112320043861305	0	0.0244935188166751	0.0976693246277117	0.064591656245131	0.00368719060671633	0.855657241627623	0.0107488893434166	0.234646867068199	0	0.0315627262331481	0.0137047001201951	0.0805857573772196	0.114128134873948	0	0.401013338033178	0.928057714730814	1.64379605080129
qns31079_057	0.0379601905091323	0	0.121027042898647	0	0.0410754840795525	0.101928207231952	0.0646443799795074	0.0245018055378378	0.716844460568601	0	0.332191200591334	0	0.0310311589436732	0.0149817931032196	0.0983442337863464	0.0555830990178108	0	0.385008944766614	0.933944903087781	1.64011305624761
qns31079_058	0	0	0.169318379897353	0	0.0558134903952004	0.117279437760345	0.0898557395680578	0	0.825735274721577	0.02790241152537	0.278287866471616	0	0.0329565836580425	0.0327535150820736	0.0973360134494391	0.0647120341361545	0	0.381158884714775	0.934064914414993	1.79195074666523
qns31079_059	0.0222237555731463	0	0.119070188014793	0	0.0502955308664865	0.101240774259609	0.0712720055606162	0.0420731163695278	0.695579550625198	0.149672484473934	0.279797702431339	0	0.0138684381637283	0.0285926813154435	0.0910674100522427	0.121895992666355	0	0.390343378288088	0.937260939936901	1.78664963037242
qns31079_061	0.180670237153432	0.0155077219642892	0.150677311653926	0.0427780761234576	0.0829460046436443	0.142540344581217	0.0846742731565686	0.0554041177735984	0.438400834880719	0.170592143286837	0.158910472821513	0	0.0701690839943429	0.0777144623002664	0.115963988990935	0.144488745382665	0	0.269735781045414	0.973417247737293	1.93143781870741
qns31079_062	0.0924787886850284	0	0.161184777000478	0	0.0687507413415809	0.113390476879115	0.0997235331289484	0.0346301232864317	0.577386893683786	0.0377933981450011	0.275661763395441	0	0.0543709665219912	0.0621787005584356	0.101189686536791	0.0603737438821697	0	0.318238454747694	0.957995795903344	1.7391135930452
qns31079_068	0.0826984865696837	0	0.137009000053696	0	0.0673024664401161	0.132910814580957	0.0951551246846552	0.0493914629662537	0.57084071774702	0.0523469663610963	0.231584108244365	0	0.0489630767730315	0.0560861356176008	0.0965107013381019	0.131107188516256	0	0.371676756065741	0.948425180135578	1.75190624989283
qns31079_069	0.157444017230465	0	0.159360699224655	0.0120291224890704	0.0650846867448922	0.145846660802111	0.103705520707185	0.0497153085037293	0.476454649824248	0.15727330909291	0.214239670197522	0	0.0378821556228503	0.0609422004427419	0.0962913519068987	0.210020202032321	0	0.345358589606076	0.955873518964581	1.9462895548216
qns31079_070	0.0493508031377091	0	0.191734576816609	0	0.03186917115635	0.141943357631978	0.0915827736196214	0	0.586175125258917	0.307564881006736	0.271848566858457	0	0	0.0232462933724357	0.0446895085657388	0.174169792671635	0	0.361354826181685	0.939373869572631	1.91417485009619
qns31079_071	0.043908821763344	0	0.123637778272616	0	0.0514606342711671	0.106720381445382	0.0617187264164119	0.0261441601110796	0.739485559081411	0	0.287317743069491	0	0.0400711484078299	0.02778091842321	0.0851989638517271	0.13117127817991	0	0.387745835466348	0.93579115997382	1.72461611329358
qns31079_072	0.0861641878615775	0	0.178449116736354	0	0.0803343282623647	0.177303244925534	0.0911919232501502	0.0418411506413778	0.623331283890591	0.191138454995216	0.217129473665084	0	0.0437066529140359	0.0476721648555261	0.111520297018415	0.113654065358145	0	0.402742688785394	0.939183819637663	2.00343634437437
qns31079_075	0.144725415458533	0	0.170411828770709	0	0.0793064743496951	0.141962626810875	0.0686835359083549	0.013122825280451	0.511583876914507	0.181880454674159	0.262111933506311	0	0.0178964492890594	0.0404958379092558	0.106506054931107	0.122223279945355	0	0.40002929074221	0.938830691733028	1.86091059374837
qns31079_076	0.118272492101655	0	0.164321791856881	0.00191099453320697	0.0573980474758811	0.151404887652404	0.0975886909295102	0.0361747682135378	0.654772724179227	0.0462718300099692	0.219911696365452	0	0.0519872430469572	0.0467843895182206	0.109108722974967	0.125115570882691	0	0.331184768895932	0.954081194158196	1.88102384974056
qns31079_077	0.0823846330238079	0	0.148249193181993	0.102012002851264	0.104261905526625	0.155348563732655	0.100005091687938	0.0530778565932101	0.589802079627158	0.177209632827728	0.242269231543502	0	0.052108530716069	0.0702842107857176	0.113547108046855	0.121925495030018	0	0.30404064319234	0.963990352648737	2.11248553517454
qns31079_079	0.260417610216526	0	0.145182922706078	0	0.00350340843952123	0.112791856569795	0.0320549942323812	0	0.592143962231937	0.0719990724978058	0.237268813680022	0	0	0.0172031639592406	0.0567430042727798	0.29702943399295	0	0.362531442078604	0.944256292225453	1.82633824279904
qns31079_080	0.18875495860129	0	0.152457726075639	0	0.0491301395502691	0.126586032635033	0.00780355556983859	0	0.65673222247605	0.121482538999229	0.210123972113212	0	0.0290974802702777	0.0444800227373782	0.0871024869666021	0.113772495400631	0	0.318162948628589	0.953703757554052	1.78752363139545
qns31079_081	0.194947787526303	0	0.172765257958544	0.0131431718347328	0.0718992962237633	0.176785405759791	0.0396879428474018	0.0161578467485189	0.750315941856665	0.0325998588512396	0.175869349516392	0	0.0516637114705741	0.0503723208288276	0.107582223238617	0.141488415918593	0	0.271202078219906	0.964790161209901	1.99527853057996
qns31079_083	0.0701077663674337	0	0.173124855499053	0	0.0808869545619531	0.151509417277559	0.0738787483956753	0.0346632042877236	0.700066509197777	0.119874288788419	0.207005108653149	0	0.0423537858051818	0.0461231593004407	0.103708005414284	0.0939226007685592	0	0.284492296019734	0.961910936967888	1.89722440431721
qns31079_084	0.115361336131907	0	0.149830236436003	0	0.0309332061808253	0.126175574467858	0.0688582187652651	0.014606634257726	0.684701353152004	0.187651533863498	0.403272405863608	0	0	0.0329729369861416	0.0887638076776993	0.10134762901385	0	0.351987958288979	0.944048021890485	2.00447487279638
qns31079_085	0.00253166553520838	0	0.101982774642153	0.0108373439496528	0.0326333264990868	0.110386119193837	0.0358254730631926	0.0116194784371681	0.850420328732714	0.0551341239367115	0.289805000645536	0	0.0166401734138543	0.018155071515604	0.0676557289551472	0.117798535979853	0	0.427419169961197	0.920495717009117	1.72142514449972
qns31079_086	0	0	0.124944092062101	0	0.0666019888106326	0.112897116579124	0.071024580973511	0.00335033463002194	0.757281518598371	0.0279134976715191	0.238302769511277	0	0.0354934400816553	0.0314982411316551	0.082225849624589	0.114527054087227	0	0.329612683479955	0.948670911707319	1.66606048376168
qns31079_087	0.173828749396532	0	0.186576471364309	0	0.0598236904143759	0.151831410223406	0.0958486732382173	0.044867807200359	0.64924923787499	0	0.199568697664944	0	0.042508433012884	0.0434030338524486	0.100385025940406	0.191980483982467	0	0.30760192842443	0.958424486979361	1.93987171416534
qns31079_088	0.206760232395011	0	0.17626083046396	0	0.028678318583996	0.14343702920297	0.0519863286045353	0.00382602120896557	0.464192781791462	0.193060773724226	0.237623769618103	0	0	0.0299471319430896	0.0724512400290413	0.136748887398704	0	0.340156812652722	0.947698837072547	1.74497334496406
qns31079_089	0.0257015304420045	0	0.114580029762225	0	0.0315959206377456	0.0965594414636834	0.051481139549202	0.00603769610297334	0.947768346525667	0.0207309671885048	0.196671146259667	0	0.023115735220927	0.0106425576447032	0.0831062920995436	0.0378947401885048	0	0.423323210437218	0.920444481834025	1.64588554308535
qns31079_090	0.095163707457057	0	0.149126699327033	0.0126088291661226	0.0771180873157886	0.129698227035419	0.0613794747133429	0.0288451271106865	0.428280636729996	0.129964042114375	0.236161478825941	0	0.0312871320572928	0.0621287943398794	0.108825372318928	0.203842292907299	0	0.308515874478873	0.961166209556918	1.75442990141916
qns31079_092	0.140348487037999	0.0307336453947804	0.135633282284106	0.0491944597300628	0.104813905193571	0.143575116813785	0.0814440736466092	0.0586015368885539	0.450927706257703	0.116256640467939	0.217207992998353	0	0.0526995550570417	0.0687546781002046	0.105033268295733	0.126037389830092	0	0.353826059316257	0.960141015184969	1.88126173799654
qns31079_093	0.224176047648129	0.00334446931648317	0.161354280057012	0.0157812788496321	0.0956037055190257	0.169072566930916	0.0974333138482407	0.0620900599591392	0.402549953819425	0.252339780444377	0.272057933145886	0	0.0564552864235824	0.0797809325900262	0.113265683188078	0.0915874704303662	0	0.330655794131334	0.962345849697393	2.09689276217032
qns31079_094	0.0288111333621942	0	0.0942381174060836	0	0.0542813735195996	0.0920708597866732	0.0645397157046298	0.00485488846608589	0.806619298367632	0.0133546879009804	0.201016829143433	0	0.0184276085337327	0.0190153407227591	0.0764195223281879	0.104423055879767	0	0.406566808370631	0.92983870129089	1.57807243112176
qns31079_188	0.119418376969358	0	0.147452950468781	0	0.0765578021705194	0.142715938264881	0.0499792992287195	0.00440619398832596	0.395263506039925	0.194396926918702	0.229706256153403	0	0.0131436329347574	0.0424320265917323	0.0803621612325288	0.198264919370936	0	0.3122838047369	0.956697954453633	1.69409999033257
qns31079_190	0.0467643540103739	0	0.100952168392144	0	0.0362071955380695	0.119427977592142	0.0580339391236679	0.0126349053634038	0.706565402482829	0.020950276133696	0.274589980009427	0	0.0103747910979831	0.0164301626353896	0.0620132176873993	0.126656704192238	0	0.426353916160466	0.921928996776632	1.59160107425876
qns31079_191	0.188818431431954	0.0861518125768206	0.179675875931603	0.0592766991763692	0.151072749685653	0.17213318890994	0.122118205942872	0.0931656584539853	0.296669441984685	0.166757091753735	0.21626786631574	0	0.0808808626545228	0.140868537854945	0.155659897021872	0.163199533858078	0.0515463917525774	0.110853401760748	0.994900911373518	2.27271585355278
qns31079_192	0.0310904879852783	0	0.154483948902296	0	0.032468517941145	0.121766800832556	0.110452257414841	0.0434267226023001	0.673383360427015	0.0749604924750135	0.261752407933595	0	0.0393717718890804	0.0370333016139303	0.0880873844820239	0.175063573922125	0	0.397174130459768	0.936811749416662	1.8433410284212
qns31079_194	0.118412468908296	0	0.13772045271761	0.00957524359122309	0.0600050395277934	0.127540219334533	0.0946136079048087	0.0396452762909776	0.646631586544989	0.0686006591883424	0.214525272120514	0	0.0507052275923792	0.0561703641243448	0.0948614271550886	0.108869486750433	0	0.380711253883745	0.945909836782928	1.82787633175133
qns31079_195	0.135012982889083	0	0.13417505483291	0.017445421813459	0.0890541912670556	0.126917704695545	0.0893718052921876	0.067882059540738	0.446099967730221	0.0964992928138327	0.216617573874652	0	0.0663870792946874	0.069706246021615	0.10193702022122	0.121338191210529	0	0.391087961358728	0.955293787640309	1.77844459149774
qns31079_196	0.0867721509981359	0	0.132618068052724	0	0.0629663847581551	0.120576951094973	0.0857069413861263	0.0362437291117839	0.645481965311845	0.105016128866527	0.171538538321519	0	0.0455830657357947	0.0442835572587477	0.0888595002902169	0.123231143653216	0	0.406804744113805	0.938802817397457	1.74887812483976
qns31079_197	0.0625640276898707	0	0.140701664618004	0.0237960998382489	0.0571042828612703	0.124566576974741	0.085488804389905	0.0310123542030348	0.528501272928057	0.00606233566254282	0.282940116771377	0	0.0522072210121471	0.0612458160784888	0.0955467715759129	0.157538863050198	0	0.339870266115569	0.954084349851328	1.7092762076538
qns31079_198	0.137620072424873	0	0.122975079066878	0	0.0368344547658162	0.124169974475987	0.0357075127120023	0	0.736326199245003	0.13514439313339	0.191317404429254	0	0.0172451954046099	0.0186778118699469	0.0813986928653447	0.118817799970137	0	0.369786057815762	0.940321365286283	1.75623459036324
qns31079_199	0.0940515530839364	0	0.167258806865388	0.0188589919903264	0.0717267249282612	0.142478057073615	0.0896991042098527	0.0327309751364567	0.412225699501146	0.207573949608866	0.263629344432097	0	0.0272313129327845	0.05769858563148	0.100653666873133	0.161304503468551	0	0.338920914366473	0.954922071145871	1.84712127573589
qns31079_201	0.111338427622744	0	0.153544068782505	0	0.062954565567763	0.129898221588613	0.0759415479159275	0.0244617161964253	0.526650247144357	0.241458168279679	0.235387681643889	0	0.0350865425295278	0.0504813286358748	0.110444176595769	0.0794159898856335	0	0.370518008026032	0.946946365898214	1.83706268238871
qns31079_202	0.0729051501847958	0	0.136873775862539	0	0.0645635117713076	0.121754316763159	0.0973667211685547	0.0598999927867352	0.502527478153679	0.0984716261583448	0.213076735186053	0	0.0495359204837802	0.0562878216499501	0.100028155408195	0.177803513448633	0	0.419812331839795	0.943005218936733	1.75109471902572
qns31079_203	0.233946091161067	0	0.169673017803762	0	0.0657340380457469	0.143125223776077	0.0605223911977037	0.0549619856114458	0.426803553591719	0.151625379140106	0.26146737994373	0	0.0437694925978394	0.0655184179036627	0.107507918714561	0.161345848000362	0	0.326871453509531	0.959990198465379	1.94600073748778
qns31079_204	0.234122306205407	0	0.153089595667209	0.0329107648220363	0.0694605181930124	0.138938160822451	0.0933519960983485	0.0373734891001613	0.548670262510485	0.133105050598329	0.222475654767862	0	0.0434724766572019	0.0619310481600288	0.0967604388195885	0.108929371592131	0	0.364673245270091	0.953188859992957	1.97459113401425
qns31079_205	0.20563234446598	0.00961853975793441	0.188725326448313	0.0373770680739772	0.0818461726318931	0.161010446895601	0.109148089211417	0.0743279892961413	0.489163089205299	0.207760555969506	0.244139020678959	0	0.035258364689412	0.0730214537076376	0.113010771705498	0.1160792782084	0	0.347239343772879	0.957250995767657	2.14611851094597
qns31079_206	0.0735773246483838	0	0.111047156711185	0	0.0362068570861551	0.106975754403156	0.0649314539287766	0.0205630411008751	0.85451176347414	0.115536916550057	0.154631368522087	0	0.0239122477175801	0.0258616450819061	0.0672168882525391	0.165327721111539	0	0.385509167378709	0.938740921881295	1.82030013858838
qns31079_207	0.0537259088361014	0	0.281726650805065	0.0760338535435819	0.347994216598254	0.234125118357559	0.0406047987656915	0	0.34824482213931	0.152416297529345	0.214069878232169	0	0.0152801676725953	0.08619468343274	0.132313964299375	0.128734785823502	0	0.215026522814936	0.987609174697514	2.11146514603529
qns31079_208	0.201956776626861	0	0.163767149458255	0.0287066201774015	0.0984039091980817	0.161138256293169	0.0900263762297858	0.0446429922780373	0.460558063554176	0.15346120765498	0.245555390531304	0	0.0458642480134415	0.0674111598865123	0.124385588130621	0.144930449490165	0	0.302942572508134	0.965105876650086	2.03080818752279
qns31079_209	0.121312243504861	0	0.151626796744961	0.0188314552679149	0.103116042902997	0.133051525857324	0.0876023101052155	0.0416364553872624	0.633310016566151	0.045231093856639	0.192505875369951	0	0.0583252829899634	0.0650854850679865	0.0986132920151886	0.151326902245867	0	0.297553163993911	0.96337086428822	1.90157477788228
qns31079_211	0.13230803111176	0.001821037129588	0.139743327392762	0.035161779891787	0.0866160965854693	0.137652811372415	0.102886067922178	0.0615524214071969	0.659343601896152	0.113883387260249	0.244368586481843	0	0.0482206354988091	0.0693972697273603	0.110687752962518	0.126475500328444	0	0.397283616754867	0.947066870723467	2.07011830696853
qns31079_212	0.166821669936693	0	0.188832141394742	0	0.0428549269970415	0.160099159594119	0.0522797818098517	0	0.5802811960879	0.372694145978714	0.490025366415527	0	0	0.039313680909455	0.0899777445115234	0.0582946630677202	0	0.372692932882339	0.937711091989865	2.24147447670329
qns31079_213	0.0808843753174523	0	0.106559666130498	0	0.0468362788716086	0.110500713784003	0.0474502081231697	0.0155919773808536	0.615527686408392	0.180646855207854	0.272756080218912	0	0.0184592109472568	0.0305416455368778	0.0642494524424775	0.129917622621057	0	0.348204131066139	0.947280043360351	1.71992177299041
qns31079_214	0.0633809530806899	0	0.0938413682131319	0	0.0248280684392878	0.0959176885182388	0.0521599423165963	0.0136557397022102	0.766555360368959	0.0159784724741258	0.215202405975954	0	0.0302235365796443	0.0185445619295476	0.0640073836822382	0.11555290208736	0	0.372457355637911	0.939175631645048	1.56984838336798
qns31079_215	0.0607920859911672	0	0.118433912193868	0.0184265466087933	0.0626269150777476	0.117328746873242	0.0978920379937358	0.0362883077492104	0.593159524842727	0.104824902917533	0.174426106577168	0	0.0505236820888757	0.0579193443466052	0.087516418524885	0.14214635410916	0	0.391324296913904	0.94527066354472	1.72230488589472
qns31079_217	0.00653953346289273	0	0.0910786215333529	0	0.0385917623079077	0.100113097462455	0.0309673397465235	0.0189282415207592	0.846113160473049	0.0505585471882542	0.180352687633829	0	0.0399323223070788	0.020795181415615	0.0717450838046421	0.0743980641022838	0	0.445923540007529	0.916043251536863	1.57011364295864
qns31079_218	0.00233951397323377	0	0.0903838124804074	0	0.00881742752434938	0.092363919967955	0.0374082348568856	0	0.882853055187536	0.0593655090050216	0.226305983637811	0	0.0260128241724249	0.00910693865404506	0.0668762768551485	0.0985646494567278	0	0.412460296791134	0.924573439464318	1.60039814577155
qns31079_220	0.058973235670736	0	0.116490734340804	0.0179759044295101	0.0605005702294272	0.124986319850075	0.103589951337146	0.0353332827836832	0.546803035096723	0.0935610065293743	0.258397236954497	0	0.0458732671170474	0.0485676671033616	0.0923197193108899	0.128814234935844	0	0.435774868260514	0.93546453294749	1.73218616568912
qns31079_221	0.0713196151480396	0	0.129331572747762	0.00877431058850913	0.0498187984648793	0.123503347894642	0.0872010230152192	0.0458283414861281	0.698248040890192	0.0905399559700796	0.21309852026621	0	0.034532334585381	0.0330834783856738	0.0942473491651197	0.111392786818634	0	0.421605014031478	0.932702015003045	1.79091947542647
qns31079_226	0.143286106621437	0.0171336693366033	0.155278679020546	0.0144510455799776	0.06993459500585	0.145658377459298	0.088693474074651	0.0431684846828177	0.54024700201	0.16691858059197	0.196418880168922	0	0.0510129261428063	0.0696991033113211	0.102824349093581	0.125092671123831	0	0.416820822736154	0.944331676571463	1.92981794422361
qns31079_227	0.0898256218541927	0	0.13286183256024	0.0584400796490502	0.0726306373996695	0.129429907454853	0.0993851350216683	0.0507648086474635	0.536103255177106	0.162774441664632	0.206904805003807	0	0.0402933365576964	0.0540481810536274	0.100776393852496	0.119006557273985	0	0.349100629219011	0.955604174469996	1.85324499317049
qns31079_228	0.0692426267885092	0	0.12504562992187	0.0268988039435763	0.0709933254382627	0.126916307112853	0.0774807187120894	0.0458126139573481	0.507053925221064	0.0875676523985265	0.239943162308719	0	0.0501470961422863	0.0656055315661741	0.0995875642574293	0.126730999864587	0	0.402002730771433	0.945688455393247	1.71902595763329
qns31079_229	0.00013605680532464	0	0.089663640259752	0	0.0219752882235525	0.0853274625229522	0.0521580433883205	0.00463580999312228	1.04011967278223	0.00160829190546764	0.215846453854077	0	0.0197614636798352	0.0119937084797139	0.067262479268953	0.108492142177184	0	0.429072240410259	0.92166775188904	1.71898051334048
qns31079_230	0.0549228631305837	0	0.169677295921654	0	0.096897945339083	0.141993481217589	0.0759083387199561	0.0169173037341612	0.559249124847344	0.125054787292889	0.259336242383548	0	0.0333464223600597	0.0458610622521467	0.100755679085594	0.148451002167715	0	0.358774699604004	0.947360458776997	1.82837154845232
qns31079_231	0.115028624985149	0	0.13206626455162	0	0.052920353173235	0.114060332404017	0.0460554757311127	0.022275339671465	0.613734162212461	0.293312212623106	0.276620668468397	0	0.00897658208708622	0.0338721118349857	0.0704785464412917	0.0944865796936591	0	0.378304929476466	0.940830733502982	1.87388725387759
qns31079_232	0.0106543484050707	0	0.105198169931294	0	0.02721132936761	0.0942009418395341	0.0364420308739779	0.0134759170474351	0.924527544049574	0	0.191133258703478	0	0.0253759961304925	0.0165479862889567	0.0625754822158903	0.0978826807167553	0	0.431423598409149	0.918481283978392	1.60522568557007
qns31079_233	0.342416115735926	0	0.138545213663019	0	0.0350562764676185	0.128333088946817	0.0301184453497837	0	0.696908626752241	0.0497995858639907	0.153834583858223	0	0.016195207560025	0.0108738641876572	0.0790438333598694	0.101647796685526	0	0.340443811534673	0.949151609769268	1.7827726384307
qns31079_234	0.145942601628086	0	0.158209508545882	0.00943818923327385	0.0535061544797699	0.15265429665274	0.0529849504404292	0.0344554897257189	0.49945879474171	0.191783409431484	0.20069008240854	0	0.045190169273512	0.0550745314542668	0.104102495165531	0.193982740813745	0	0.324792894508682	0.957232157655759	1.89747341399469
qns31079_236	0.118668273614877	0	0.128324520148312	0	0.0608358091326678	0.126135645143277	0.0645896840066643	0.0285844649998972	0.641251668989909	0.0809163923293888	0.180671577002799	0	0.0395367933363321	0.0395716978339794	0.0924238805155558	0.149939051545462	0	0.41289438813998	0.936625901805176	1.75144945859912
qns31079_237	0.0498867810444055	0	0.156445194554819	0.0139257926404195	0.0442307680496138	0.150795828924431	0.0328713755578172	0.0229884578152639	0.910886943985765	0.0395522237311845	0.300027541544744	0	0.0305580292214634	0.0347081147562281	0.0863797823896368	0.0535209541678999	0	0.236967812925923	0.971440065961115	1.92677778838369
qns31079_239	0.111811914901273	0	0.0905243817414488	0	0.0437370543254257	0.0960325335777848	0.0304605067627702	0.00853390493260319	0.842402167187196	0.0517257845249243	0.226392731529188	0	0.0166391612128749	0.0236716766476249	0.0675858287075585	0.118734301798795	0	0.374882373936458	0.941258766079051	1.72825194784947
qns31079_240	0.109459721270374	0.0301833296641984	0.20629738884549	0.0784623841802209	0.127689189246955	0.20165928966879	0.123117873572626	0.0683896406543663	0.633117784681804	0.2117228597848	0.266487291231759	0	0.0491452526617726	0.0803577761302042	0.139606146333803	0.0734549543640367	0	0.218588623633763	0.977719110732809	2.3991508822912
qns31079_241	0.135329986571601	0.00588349751514948	0.150632188200421	0.0268571588551377	0.0863859250312285	0.13211622068622	0.0782176744827606	0.0412568289156623	0.730253213995025	0.0449928211739014	0.158899321339768	0	0.0520292380519635	0.0563221226708658	0.100909973360656	0.114056549499607	0	0.356684118879737	0.950406054269982	1.91414272034997
qns31079_242	0.205770106383137	0	0.153034933301944	0	0.0530964039489973	0.131754563812585	0.0634222036422784	0.0336931626683875	0.656284639767828	0.164885330901176	0.168613454245395	0	0.0384410038931043	0.0284184069408818	0.0821968048255851	0.0849442484890932	0	0.350920682592337	0.948983042733664	1.86455526282039
qns31079_243	0.146631606304287	0.0153058843826873	0.176867045946927	0.0838491241385734	0.112677087238143	0.159005287467803	0.126567884997571	0.0788840868158043	0.349883437793956	0.180900218664572	0.262976564573977	0	0.0653760998160154	0.0933245437751884	0.128590799966374	0.161205319265387	0	0.271290908148194	0.975300030310186	2.14204499114726
qns31079_244	0.144793665519098	0.0223726706067311	0.147040201547514	0.0579983748423501	0.0942090755662337	0.144695995128613	0.0966819042815932	0.0583880968154683	0.457454354037071	0.14494754047628	0.190484707644462	0	0.0620242903813445	0.0770932824490475	0.115705296424701	0.117055183896886	0	0.398798193860398	0.955872758638782	1.93094463961739
qns31079_245	0.0642670327175395	0	0.115770945187826	0.0698164205551952	0.0779519781082499	0.119688811058838	0.0804250106810681	0.0601601962207601	0.477257291692988	0.111745036160971	0.304888068614638	0	0.0449047822076067	0.0617271702346874	0.10308553107505	0.138888938554254	0	0.389250656981221	0.949502966167621	1.83057721306967
qns31079_246	0.0973681272021981	0	0.134981319832823	0.012148315642093	0.0641268622649316	0.132654846555071	0.0569075421724516	0.0313917827425786	0.617741059878566	0.0224404580779535	0.217076934681386	0	0.0391008362342551	0.0489310868995971	0.0991412402493922	0.13617847020186	0	0.293490023033564	0.960848414209324	1.71018888263516
qns31079_247	0.183547778158598	0	0.158153627791737	0.0215820681766748	0.0709276464651623	0.136137968496299	0.0908598759409069	0.0347713531077336	0.540736584461682	0.193925153972209	0.212822806691757	0	0.0386239116482781	0.0577539399000783	0.112489239290048	0.125326896637399	0	0.388278106708826	0.948050517507679	1.97765885073856
qns31079_250	0.0919119232221526	0	0.152095128946212	0.023439147961849	0.0734674607945221	0.146263457424052	0.0870894872892553	0.0426984013896484	0.444239059240545	0.218749602661242	0.242797886286543	0	0.0400820792929528	0.0642673127184296	0.105019214835795	0.158256039057851	0	0.267155109658774	0.968874374085884	1.89037620112105
qns31079_251	0.1391403020062	0	0.112192312436505	0.00878480125295031	0.0547410879784319	0.120521514388056	0.0764335697110163	0.0490736188539052	0.478183355270245	0.113739740780814	0.237431088342541	0	0.0372791217145942	0.0500501477029181	0.0863459392866337	0.107038328112913	0	0.325697969897131	0.958285867471105	1.67095492783772
qns31079_252	0.11259518415719	0	0.109221555398716	0.0193058402809624	0.0632528447802869	0.110441975335526	0.0729944712089696	0.0461723304346451	0.624448449599366	0.124325690645543	0.227179193811115	0	0.0347150609760195	0.0507742820749436	0.0914892427264337	0.135884844952956	0	0.404280433745901	0.942543590577787	1.82280096638267
qns31079_254	0.00415212778818758	0	0.128030882844516	0	0.0753118891242484	0.144593061942333	0.0427858164849403	0.0375842084755938	0.673107783834708	0.0854155709086799	0.216819087426665	0	0.0424342821952148	0.0439810465866356	0.0967159225579785	0.0895641174049424	0	0.371380467675186	0.940782980873886	1.68049579757464
qns31079_256	0.0236018726404462	0	0.12739248037714	0.0130261915234652	0.0538404460301212	0.135060466023955	0.0470867691677779	0.03722589429007	0.829123076628721	0.110279286752733	0.180082810624588	0	0.0378454799695605	0.0301978118122323	0.0850826026101417	0.143689803596499	0	0.316537164279931	0.953120167522689	1.85353499204745
qns31079_257	0.123028350961594	0	0.136613144321543	0	0.0869439140476398	0.134474883166444	0.10283580933932	0.0492315629352168	0.507526264945577	0.120941901910625	0.207841165657804	0	0.0489971693963313	0.0669120283452571	0.103440142107244	0.150724750404367	0	0.345285248509504	0.957351353136309	1.83951108753896
qns31079_258	0.146480011467839	0	0.210149780988756	0.0824812443553122	0.100511161678166	0.191533824027358	0.0938089959965574	0.0294815388288892	0.446185149245801	0.199228196299923	0.377923563556038	0	0.0182795518082486	0.0699579918306641	0.112859486444087	0.189853067151002	0	0.232753782832655	0.974219292759209	2.26873356367864
qns31079_259	0.182887020614156	0	0.155491071353381	0.001024202584591	0.0798041142745712	0.129546364698224	0.0599374848905664	0.0204796034009087	0.519960561855672	0.0701599265312244	0.181286191217774	0	0.0296836326738148	0.0454882609149054	0.0910677644178062	0.217720142905673	0	0.366868814524532	0.948525392726911	1.78453634233327
qns31079_260	0.00677475112360236	0	0.135750712972314	0.0124231555120421	0.0685738420740723	0.125940807478121	0.0670352997745791	0.029442747119494	0.67757406060169	0.0796246664900584	0.218266304266027	0	0.0466461456174231	0.045043194416519	0.0901378231336971	0.129613744784603	0	0.395957391903458	0.936991710658802	1.73284725536424
qns31079_261	0	0	0.0857215706426215	0	0.0305148756164567	0.0932350859062435	0.0459611206612779	0.00529396376380163	0.880030799735606	0.057287612918385	0.209082426925258	0	0.0268504040906966	0.0103795768666947	0.0663890149552934	0.100223580452974	0	0.436954748362322	0.918764972918063	1.61097003253531
qns31079_262	0.078272857641804	0.00879188197942738	0.126281316799008	0.0453792306335757	0.0888956297948851	0.131038393436514	0.0767893644912102	0.0516653801404852	0.458105439451434	0.148447650382034	0.17847124827186	0	0.058194920770177	0.0574357830036661	0.105768990751925	0.114621250817187	0	0.400779059855742	0.950822002939374	1.72815933836519
qns31079_263	0.0506324691627407	0	0.158655484692032	0	0.0752576161278862	0.141583639081146	0.058512818879457	0.0175111083617122	0.674707945192248	0.0735673662408091	0.269864661419179	0	0.0296981605354967	0.0408751737238297	0.0995523492827815	0.131217167463451	0	0.341628320266993	0.947731140664797	1.82163596016277
qns31079_264	0.0489831935010095	0	0.146127288674779	0.00904708909729108	0.0875082545025659	0.139254060936843	0.103165205616764	0.0477689794898156	0.655101288564168	0.102568153574774	0.243424775906669	0	0.0351257448688232	0.0364868211870875	0.101684987487094	0.132325429154251	0	0.383151151427659	0.942548595055769	1.88857127256194
qns31079_265	0.136527045565539	0	0.143647029745648	0.0279809407346195	0.0704926204117963	0.133437070340839	0.0719173577643816	0.0287059638705037	0.476552252881925	0.148343704532495	0.251209331386502	0	0.0354237654367512	0.0585452198096411	0.0970095554137143	0.152159713288233	0	0.385763041584767	0.947429391229174	1.83195157118259
qns31079_266	0.155256281172421	0	0.167007772291422	0	0.00409879623411967	0.134124994068574	0.0502236995650592	0	0.735801844977635	0.227843763234438	0.471145127250116	0	0	0	0.0672882801384867	0.134522635093143	0	0.389300534101362	0.931391408304018	2.14731319402541
qns31079_267	0.0514053962575941	0	0.154436380967561	0.0109076923503831	0.0757628741053846	0.142695465886223	0.101712059099274	0.0410021993934267	0.586023008860138	0.121907322768019	0.279656071218958	0	0.0362048490309762	0.0500854614268429	0.103427618099903	0.127767831981548	0	0.393444719199926	0.941557259056816	1.88299423144623
qns31079_268	0.124354434086436	0	0.143466577552965	0.0146973693915418	0.0853635232813755	0.142509730964102	0.0805196421269114	0.0242640208736125	0.713408444943473	0.0736426619804906	0.237443442477264	0	0.0428337018767097	0.0470350351819741	0.111165140225234	0.16940326596844	0	0.432592203203122	0.933591704399486	2.01010699093053
qns31079_269	0.0708551337199101	0	0.193173807355018	0.217968992545302	0.248735472995431	0.190445994180651	0.0508746669802974	0.0589761631254554	0.160329770117356	0.127688890057107	0.170412614171622	0	0.0896788876421159	0.108676444999501	0.146866237070652	0.122896945119022	0	0.20346282792823	0.988915797015123	1.95758002007944
qns31079_273	0.184029780464453	0	0.135503052457062	0.0301647027363448	0.066125123464613	0.128127295749939	0.0862720156631598	0.0457575945853697	0.497516686625511	0.0975925236985668	0.238231547181697	0	0.0534457606945498	0.0646395682926294	0.0979498666573683	0.123786775167277	0	0.394500123154521	0.950428585994258	1.84914229343854
qns31079_274	0.232012277924548	0	0.153165257049796	0	0.0491497382962534	0.123747119807425	0.0718770686505476	0.044344616571078	0.666762394745001	0.123928287290426	0.183641698963725	0	0.0328301887138296	0.0463965563406601	0.0913733228967811	0.125953919585689	0	0.3864296120677	0.944401205002678	1.94518244683576
qns31079_275	0.101740943509767	0	0.156010908808697	0	0.100827293078461	0.139605022730478	0.104366746447035	0.047451321426299	0.663547273446958	0.12887714002504	0.25729349130485	0	0.0427900384918632	0.0796595144872641	0.109956729005228	0.11985709673167	0	0.385993376469538	0.94634938559903	2.05198351949361
qns31079_276	0.0537302196826441	0	0.114492059056975	0	0.0299474975240741	0.118055085422964	0.105685685216741	0.0229118796947454	0.845694638711914	0.0242796919961439	0.161648682550238	0	0.0352689210404688	0.0199311616920362	0.0683639514228036	0.115667268775348	0	0.375015230224294	0.938476186961074	1.7156767427871
qns31079_277	0.129001011526581	0	0.136452345413113	0.0125550364904555	0.0648383955981816	0.135071398391318	0.0736801337374089	0.0316590058917168	0.584069473122812	0.11648651082329	0.271905739390656	0	0.0316377232531673	0.0544814556512539	0.0890655760094998	0.10124943036152	0	0.379490913784338	0.94444421209526	1.83215323566097
qns31079_278	0.414323263802973	0	0.206718213895593	0	0.0472615379757942	0.164194048166294	0.0992189864849102	0.0422219957776067	0.518465906091607	0.0655284982630895	0.203841997164287	0	0.0567725800113203	0.0618788648141079	0.115067420670054	0.13317378604132	0	0.38994159468224	0.947792164658767	2.12866709915896
qns31079_279	0.106306388187791	0	0.112220399058922	0	0.0459568181046707	0.118122371931238	0.0822033933793853	0.0338240068425816	0.61227344310714	0.0485058000215066	0.229082855390967	0	0.0444870122236179	0.0450326951853269	0.0912817345531457	0.187121914190908	0	0.39417450333521	0.94216333368102	1.7564188321772
qns31079_280	0.055178558751836	0	0.142796841043266	0.0279481092289919	0.0856828315110627	0.139696051732527	0.0856241200095927	0.0673789508555546	0.46302329206881	0.195260882310846	0.250112312777344	0	0.0500349986969691	0.0652774065579539	0.120740683277519	0.121978095178371	0	0.432301545773784	0.943048392386158	1.87073313400064
qns31079_281	0.127351323379168	0.046617988285176	0.172898120644093	0.0546985199920051	0.0945081598559634	0.16696992217633	0.117179131309234	0.0713655223002107	0.536675105010806	0.187794693908692	0.237260764077523	0	0.0685626270630068	0.0891776196328708	0.124245530386683	0.0994552507642762	0	0.302130822616718	0.967592068704424	2.19476027878604
qns31079_282	0.0196650358417389	0	0.103664944444074	0	0.0191908001665568	0.0988000790856617	0.0215885255151415	0.00937838644375621	0.902092701085058	0	0.216208801793031	0	0.0402945076537065	0.0339075272966853	0.0770611825809806	0.115908365632237	0	0.382889279854147	0.933385826790298	1.65776085753863
qns31079_283	0.14110491787214	0.0147040600366446	0.137947022478267	0	0.0444542374943129	0.1201219953011	0.0654299479071816	0.0289329701151528	0.609822788711678	0.0495653702713441	0.247271394481427	0	0.0455835887765803	0.0536099128169261	0.108087605245117	0.139422793873105	0	0.364531577806675	0.948490731636843	1.80605860538098
qns31079_284	0.0140476400866369	0	0.111093241974138	0	0.0621142583098244	0.120998794428981	0.0807034925289033	0.0378660221226531	0.697707565644544	0	0.279036166631235	0	0.048849957212437	0.0534447886410136	0.106078763432483	0.0799523925553653	0	0.369007350166147	0.942616455149592	1.69189308356821
qns31079_285	0.0532711653804916	0	0.125028923751279	0.0158319547933616	0.0512568503661355	0.127687498148906	0.0421203745296347	0.0376328301747588	0.829144379764282	0.0292637472464064	0.1818012441405	0	0.0532028818377433	0.0360225588785619	0.101011814198687	0.125436704626904	0	0.377202410162912	0.939363456943425	1.80871292783765
qns31079_286	0.0746139424163219	0	0.148296210959931	0	0.0807868785123769	0.14484306988755	0.0712142368527387	0.0254470444886185	0.582303549135398	0.136523702804395	0.18569194169403	0	0.0445791411442935	0.0503006198479996	0.10633896710603	0.112007141741878	0	0.358617966995357	0.948846138304145	1.76294644659156
qns31079_287	0.338103654211259	0	0.223798522227371	0.000756336153568843	0.0858086012283026	0.208705354138989	0.114038215265967	0.0400306031474371	0.521821767246091	0.258379454509579	0.271805058792127	0	0.0437893940312039	0.071223163743352	0.135587191992776	0.0869840969878302	0	0.14625549353631	0.99013766108023	2.40083141367585
qns31079_288	0.0553540743372069	0	0.150784849175339	0.0174009360760302	0.0636046384344671	0.13292019869053	0.0801542266236237	0.0396156645563947	0.619097485204242	0.198303250963297	0.19146476074287	0	0.0483077765621778	0.0458310891942236	0.107590946832706	0.066658773441112	0	0.382921381065049	0.943671601576359	1.81708867083422
qns31079_289	0.0474125011793595	0	0.126891838259097	0.0126310532851178	0.0536201350185342	0.124840959024346	0.0680508164191224	0.0331569003809873	0.731514864673577	0.0314691000809607	0.205757560681995	0	0.0439500947330392	0.042055379673429	0.087121254896527	0.133065214811889	0	0.390875644104691	0.937625860657623	1.74153767311798
qns31079_291	0	0	0.105510396013289	0	0.125947676313135	0.103566068773608	0	0	0.767393294296561	0	0.181281083748023	0	0	0.0714849698438963	0.0653018087052137	0.177805318925904	0	0.263625068670123	0.96670809463842	1.59829061661963
qns31079_292	0.0651400224963426	0	0.143116914599642	0	0.054832892385245	0.138146983654328	0.109477389449759	0.00581773890888376	0.811337402111917	0.052880044602701	0.241305833172216	0	0.0307890855224148	0.0506757030008135	0.0917938819616376	0.0454594402809093	0	0.254091793719398	0.967377209617995	1.84077333214681
qns31079_293	0	0	0.245160220171231	0.203754589082736	0.349523591709616	0.28216504673148	0.0439857423201314	0.0534352006912049	0.287167110100179	0.268254117329	0.220692165249332	0	0.0314635660139955	0.0935417652719099	0.142936306864536	0.0408948345971656	0	0.233142913772022	0.982549330668189	2.26297425613252
qns31079_294	0.234150312310862	0	0.184851863719439	0	0.0733017783178084	0.167120391293581	0.0599929329679886	0.032120443582777	0.525726034326876	0.163072533454217	0.331952771135162	0	0.025514057692434	0.06013661075451	0.0955693897886887	0.149001314085426	0	0.193745839783933	0.980890476371116	2.10251043342977
qns31079_295	0.0158707674391421	0	0.155568537974765	0	0.0635041431295097	0.147985303100126	0.127449336174526	0.00881881094201293	0.766568609490938	0.0956536113748451	0.255758172890047	0	0.0209604672591003	0.0323937857105321	0.107718240196007	0.213155833132619	0	0.296042930793467	0.958075182907318	2.01140561881417
qns31079_296	0.196457935375568	0.0203129950072571	0.157526491206634	0.0571523395850162	0.0964700241606124	0.144824520808989	0.0950864175053214	0.0711150587620568	0.339093160732415	0.172762884714092	0.244386675949584	0	0.0656628380851844	0.0896986446811106	0.118811345327318	0.124938770956909	0	0.37071141346177	0.963796777538667	1.99430010285807
qns31079_297	0.158698215083438	0.0222299592902762	0.170717593549295	0.0352565434914008	0.0979012526551307	0.140747840776764	0.0936037746137651	0.0738903969327606	0.365494367605574	0.214617723401531	0.298781769478467	0	0.0550219262413316	0.0928368838869922	0.124704820099199	0.100251233487772	0	0.327390848830746	0.965394062293689	2.0447543005937
qns31079_298	0.181854494684505	0	0.15631861285639	0.0295164968112272	0.0841441948581868	0.149136568147393	0.0912330502899504	0.0515917302101773	0.440252396439375	0.208397058319379	0.191289389493984	0	0.054805272428758	0.0661247301314638	0.10728853578491	0.107139763172778	0	0.368960241176644	0.955983003176471	1.91909229362848
qns31079_299	0.227533868776929	0	0.119824355160736	0	0.0524841267090576	0.119467238407541	0.0474459715480866	0.0105908281388104	0.584691565991305	0.0842475168894128	0.200298126251252	0	0.0361921393965106	0.050781721266259	0.105798228437991	0.119062567205282	0	0.333588788830091	0.955337493643536	1.75841825417917
qns31079_303	0.0407662310028431	0	0.175823811204266	0	0.0840114317193179	0.144579472828678	0.108118753392295	0.0321082515644434	0.626411258651982	0.0281674818746149	0.225897043952115	0	0.0506527116703072	0.0532188596914867	0.109430429129419	0.140823836294832	0	0.310684899080275	0.958665891957957	1.8200095729766
qns31079_304	0.175895995032835	0	0.164672592951294	0	0.0726822534476161	0.144907400164262	0.062507574150348	0.0302556183421698	0.515924003628465	0.149908750710106	0.230236974711265	0	0.0393595694980877	0.0604096327751806	0.0865915426808581	0.16497299224099	0	0.331357722031425	0.955780088181669	1.89832490033348
qns31079_305	0.117605986413592	0.0139907986192229	0.158237562222214	0.0168212677603124	0.0883860498464731	0.139796681508448	0.127464736533128	0.0578482587090003	0.390266329826677	0.211792716211028	0.276418517128764	0	0.0580776422132845	0.0822937867614256	0.114420578042588	0.149297610724962	0	0.363110977228905	0.958828783207612	2.00271852252112
qns31079_306	0	0	0.119512470913386	0.00488089108730741	0.0640035884040209	0.108633362979318	0.059218908346349	0.0229848339692441	1.03119060656309	0	0.144659031893933	0	0.0370654174154315	0.0290885145501003	0.0758451578036604	0.116598014435124	0	0.327509815863335	0.950332444878108	1.81368079836096
qns31079_307	0.0299077339189666	0	0.0955643784263575	0	0.0199921967915402	0.0986634882423613	0.0385990913972832	0.00208697175299205	0.922300011739681	0.0120344490253055	0.19337614111402	0	0.0326559954229721	0.0109476811215163	0.075756712016786	0.117335592991905	0	0.386039648072774	0.933250427588959	1.64922044396169
qns31079_308	0.0930627013009477	0	0.175972654745293	0.0161124277201744	0.088746577156322	0.177506659898523	0.0661040989357864	0.0315912163552759	0.516268952351241	0.22274292842087	0.197414223483582	0	0.0526656096092801	0.0586716006252988	0.120784257187704	0.140933236414132	0	0.345050194356745	0.954159430458584	1.95857714420443
qns31079_309	0.0598045843034851	0	0.148914428379239	0	0.045653355169709	0.132486702043053	0.0670289951681989	0.0146974546270296	0.743432257897422	0.0393003742188697	0.408306099195089	0	0.0305955684919835	0.0254141412957704	0.095463938404086	0.0373783823603588	0	0.407810399840441	0.927236778149388	1.84847628155429
qns31079_311	0.222171396727748	0	0.180263118297517	0	0.0624336698324128	0.136878400211375	0.037561112880558	0.0327711086003458	0.36795424677598	0.214767155626744	0.291669631154751	0	0.0143110083762991	0.0516603903780614	0.0981058352228311	0.0809539257241687	0	0.331288554368454	0.954533391932347	1.79150099980879
qns31079_312	0.233305537363584	0	0.146575789154151	0	0.0385357817519286	0.130187159763137	0.050618303421403	0.0295262777377156	0.4999141902577	0.0202028005589505	0.294353388173396	0	0.0355523549142054	0.0344374614083981	0.102698339550981	0.228421319858467	0	0.360945515470158	0.948834918999828	1.84432870391402
qns31079_313	0.045442646986422	0	0.174874993666485	0.0203715892182076	0.131575176583919	0.168585289001851	0.0704550490366296	0.0469336368750504	0.403443975625182	0.0501576595581912	0.265206425572868	0	0.0438075398186469	0.0653049266853697	0.131242365875689	0.169430059846828	0	0.26956826003187	0.971941589243778	1.78683133435134
qns31079_314	0.173203152954566	0	0.13874708221515	0.00723499547355753	0.0675867845985138	0.140345072954451	0.0792217080188873	0.0338043223008156	0.663956724747162	0.104014572828843	0.211523376795908	0	0.045461500521515	0.0476390782294138	0.0947024044692354	0.120734589180636	0	0.239318369217916	0.972438117592051	1.92817536528865
qns31079_315	0.231283102222602	0	0.160139456559294	0	0.0428321408894354	0.146825792136322	0.0455827779448952	0.0231953100674169	0.517370224801954	0.137213398397171	0.344720128818309	0	0.0120174318672176	0.046898749222081	0.102914895705511	0.116072119893442	0	0.420199674052167	0.933352673609472	1.92706552852565
qns31079_317	0.232300439636842	0	0.143057643528484	0.00123402413466343	0.0652507411167978	0.122524716272877	0.0699749169328931	0.0280119589431261	0.331195755380742	0.189440875234282	0.225319469037873	0	0.0269634152611945	0.0515843767612452	0.101505801713763	0.119341537550409	0	0.232240559674376	0.975244959011373	1.70770567150519
qns31079_318	0.0343549383791458	0	0.162844759460023	0	0.0362256822396724	0.1401367437092	0.0720716037187699	0.0189135972324269	0.695087354135464	0.14219995447867	0.287002140698736	0	0.030249936389678	0.037045184855143	0.0948043208500102	0.0473545948856558	0	0.386266983303302	0.935120636902002	1.79829081103259
qns31079_319	0.325874339747464	0	0.188919353265856	0.000948777085837094	0.0654525787422973	0.160272043971816	0.067145891243783	0.0337163236296211	0.424829905879802	0.278156522573406	0.259477246877592	0	0.0239058560673194	0.055012742725984	0.101621682761961	0.0465375629816989	0	0.370698066707459	0.948223730465549	2.03187082755444
qns31079_320	0.107429618940754	0	0.163179567110372	0.0262690911535868	0.0793027289248874	0.153128659572495	0.0785863970910455	0.0491610443792963	0.590024802281699	0.10821878112986	0.229333678582537	0	0.0659847776923466	0.0744536960820903	0.105762621363093	0.133824943892936	0	0.306900422360077	0.96233217731283	1.964660408197
qns31079_321	0.0999356546419866	0.027618137895894	0.183951128787851	0.0507811204475393	0.0923176971967744	0.149312740795952	0.0934450794452672	0.0631795154930962	0.510281100043235	0.0821311961582961	0.242075763556234	0	0.0573852733918081	0.0827146383558231	0.12464036995692	0.0942726447248452	0	0.336902110633795	0.961207063574371	1.95404206089152
qns31079_322	0.006245324035188	0	0.112004291722543	0	0.0517312624659417	0.113727381063105	0.0258721498908651	0.0138975830777116	0.847820161622146	0.0039411515400451	0.247968441402012	0	0.0280868281792289	0.0298074276363928	0.0751102651085389	0.107561240583684	0	0.409491084292877	0.925077940098769	1.6637735083274
qns31079_323	0.00905024547319298	0	0.133776363810037	0	0.0424246092417117	0.111647819793669	0.0754565157634072	0.0263880991030699	0.913117633237894	0	0.207261281779662	0	0.0372691760174396	0.0309961536236477	0.0824953124505004	0.0595819200138372	0	0.384493928115269	0.933086561137686	1.72946513030807
qns31079_324	0.149971266113257	0	0.175982934684173	0	0.0554200158924355	0.16082833719549	0.0534327894462161	0.00404881053650455	0.537402873564975	0.242395013712724	0.229516463569645	0	0.0210618828363516	0.0402945389789882	0.0930589776786571	0.131843377207295	0	0.2830789298836	0.96182799797066	1.89525728141671
qns31079_326	0.0202347638281839	0	0.115945723920825	0	0.0460812893303944	0.112244454232296	0.0642574170092502	0.0231522341575215	0.769361204472299	0.0239689936770199	0.203513614598581	0	0.0406003285596058	0.0250115129456471	0.0839519129602706	0.122217516748582	0	0.418225651332354	0.927171522681116	1.65054096644048
qns31079_327	0.197770246007687	0.0219394803987685	0.176509921908366	0	0.0967008779215395	0.15141404418588	0.106162313665629	0.0569989310788783	0.481788518647785	0.174041557564056	0.197962497489594	0	0.0580373078944424	0.0859940500560068	0.113440961023575	0.0921568227696083	0	0.350747556231629	0.959742417455513	2.01091753061182
qns31079_328	0	0	0.219260882314908	0.0887278144011518	0.319843566735177	0.231335713797216	0.0647855931610575	0	0.359339574898473	0.247256272028503	0.139518639019335	0	0.0423323238805899	0.0539895528368845	0.114403608868239	0.0046163103557962	0	0.317196838875356	0.964919326285032	1.88540985229733
qns31079_329	0.0324917365422597	0	0.158378909342111	0	0.0412723200270006	0.126936839536571	0.0868108676159629	0.0168434047783368	0.629806138741214	0.160039856862904	0.220639906192768	0	0.0283894218310874	0.0370382855111825	0.0866429456675446	0.103042903625951	0	0.409722653698704	0.931881718125219	1.72833353627489
qns31079_330	0.0681402120767912	0	0.132856844975238	0	0.0568330177409497	0.111677010623978	0.0697869069102274	0.0338389314218551	0.619404746836844	0.0444702657479712	0.227347977014449	0	0.0377571374690206	0.0324795365287124	0.0960986957460487	0.135656327774743	0	0.412081348403704	0.934991470231115	1.66634761086683
qns31079_331	0.0601235299654412	0	0.146215547438748	0	0.0469359366575081	0.11475754763944	0.0835182054686884	0.0310360463670209	0.489657067045671	0.0546260041858083	0.369344567476289	0	0.0453358580316936	0.0568287306932072	0.0889569644945707	0.131476926643066	0	0.303997685690184	0.958799438350304	1.71881293210715
qns31079_332	0.0892271994625409	0	0.147311543096453	0	0.131333413876817	0.159094599479997	0.11399904827252	0.0179912207261743	0.751075036433199	0.0408638127925732	0.239144743813265	0	0.0693192726727327	0.0951643517731722	0.131647351487823	0.136067446410239	0	0.155663319416271	0.987652676835455	2.12223904029751
qns31079_333	0.0567251490693169	0	0.117083050585308	0.00403903589713883	0.0630854927391015	0.12067446238447	0.0749467197051052	0.0474839031143397	0.567384902491818	0.141127537515458	0.21507400392319	0	0.0472096263251754	0.0464497712390977	0.0963074780431748	0.128672294982478	0	0.420995572215663	0.937856667490582	1.72626342801517
