Mixture	Plasmablasts	Naive_CD4_T_cells	Cycling_TNK	Classical_monocytes	Platelets	Degranulating_neutrophils	Memory_CD4_T_cells	IL1R2+_immature_neutrophils	B_cells	Mast_cells/eosiniophils	Mature_neutrophils	HSPCs	Naive_CD8_T_cells	NK cells	CD8_T_cells	S100A8-9_hi_neutrophils	Eosinophils	PADI4+_immature_neutrophils	Non-classical_monocytes	MPO+_immature_neutrophils_or_progenitors	Cycling_neutrophil_progenitors	cDCs	pDCs	P-value	Correlation	RMSE	Absolute score (sig.score)
qns31079_044	4.7435126082043	2.2042408058422	0.711043094649544	0	0.86561476721377	1.405405717391	0.616743489336985	9.27200887197724	0.346905128905919	0.310426676841645	2.2940349508888	0.920657562404106	0.367037006390539	0.301782259414556	0.916989024711413	1.54781693110165	0.590663584037293	3.94885300285287	2.66825201304101	2.52648961186316	7.20178434760396	0.687517908295013	0.510242636860315	0	0.99539007211403	0.237368650865035	44.9580219998273
qns31079_045	0.192645620542804	1.85441964679719	0.389561969880478	3.25377498854291	0.592630649926835	5.02811250862273	0.816278098694069	0.131134340322085	0.422619629513465	0.457433808038699	1.60816960364683	0.706818714917122	0.767984160322317	0.633342430385256	2.17834377713354	0	0.886117194853569	3.41709184685339	1.44124983174617	1.28761701974717	3.35568692740017	1.05585762698211	0.39115089242903	0	0.982374500349974	0.324794282206478	30.868041287298
qns31079_046	3.15911733201896	1.32305538851913	0.754386152890597	0.202393474163373	1.42888857418314	2.65176138221525	0.848228063681845	0	1.58481912790318	0.468727187792829	1.51764507341082	0.370659906337993	0.502926200438056	2.13935513987866	1.79795977976791	0	0.881160153270885	1.7272373510825	1.02488205473247	0.535696974778485	1.85949596121545	0.88684942586001	0.342376488014346	0	0.962110441662899	0.57592068808026	26.0076211921559
qns31079_047	0.41952419006934	2.36009171506055	0.786028904838978	5.04587729103628	0.923540366008612	5.1202302060172	0.67963724490835	0	0.443414240766278	1.25655141340514	2.04786554412709	0.912556796515824	0.086781737752873	0.666294590490393	0.533215490373046	0	1.57337806842581	3.67216778482497	1.07321188061854	0.386628625428837	3.6706704454349	0.537458839347314	0.681439013655164	0	0.979014965536706	0.360557608363552	32.8765643891055
qns31079_048	0.653103335494042	1.75724117335883	0.722766840765989	3.18585379252588	0.246441234742963	0.522910763189765	0.572019557229175	4.22986077397414	0.766878555532041	0.786683974256051	0	1.01132352695593	0.961840096538338	1.78491856480015	2.28060842835029	3.80147499883261	1.28017880279468	0.810178278268623	0.765243603884342	0	6.06764687715148	0	0.453450240914764	0	0.984820103759408	0.196725748578428	32.6606234195601
qns31079_053	0.4265029853625	1.79758590872836	1.19459011842438	0.648064032205101	1.03217724254119	2.96923148277311	1.52917473149644	1.21413184256354	0.644235466094627	0.287848160014994	5.3990365305375	0.584697311910938	1.33619184854361	0.390958553538488	1.29493154936447	0	0.859408799486763	2.13468790114331	2.00799623239588	0.614067321339348	1.02485668020841	2.55859379111563	0.241325346739395	0	0.960335719824343	0.504298890417096	30.190293836528
qns31079_054	0.388248805952373	2.25602284540475	0.637556376173175	0.170612382111854	0.171049086994395	12.1100230512559	0.519334867506227	4.06241631067253	0.834620346482729	1.21787800905377	1.26181731392007	1.21528938778126	0	1.52284098062964	1.37601682301492	0	0.26614823994969	2.35327931879974	2.17532681796811	0.832866490711265	7.85019444643508	1.10925509106105	0.834928792996181	0	0.986352099485284	0.166155409865239	43.1657257848747
qns31079_055	0.18369525843435	1.17400578850565	1.11839964460886	0	0.840748343823966	6.88733066904132	1.58947731608876	0.469033656318853	0.00579411088078071	0.740140202740481	4.44186888473881	0.431895998069008	0	0.463736498296015	1.57645592010785	0	0.994867379993305	0.954539319617935	2.64976951089748	0.531023537242409	2.28878900229668	1.42036470197831	0.337914700791409	0	0.941953961532175	0.49534993400277	29.0998504444722
qns31079_056	0.235001249891875	2.18122344030383	0.397861980289682	0	3.22861465205344	1.21236081664596	0.394814012936328	8.69172953013996	0.183275879247982	0.971199666289115	0.911359839303975	1.70375108856071	0	0.397747155679261	1.073685307839	0.238685633806131	1.52533005607665	0.83156101692322	2.00090015547617	0.558390084460857	14.979723687326	0.419774519847323	0.75897861416246	0	0.995503168470301	0.269715648302564	42.8959683872599
qns31079_057	0.00549904871089643	1.49585804228859	1.34466517934529	0	0.304743602628825	7.11084949082415	0	6.68961865869699	0	0.472479706762251	2.17502871886629	2.06592201485596	0.0878598129358847	0.468355376801768	1.31511118329745	0	0.603843527441218	1.33926955957711	2.29172322119023	0.0329903135288887	6.25743556860578	0.300776321063803	0.52403655472558	0	0.990640449736677	0.198169530588116	34.886065902147
qns31079_058	0.274469074307949	2.3364606031542	0	0	0.421493656852813	3.99829837013797	0.0841857325897256	20.5657689319286	0.451293239193172	1.61297871076068	1.03607094669086	1.41901664124904	0	0.598523903475295	1.38895863710627	0	0	1.45210333467569	2.19957077007887	0.0304823810035748	14.2434965079304	1.76760369524906	0.586949365590142	0	0.99072320630333	0.632588602995297	54.4677245019743
qns31079_059	0.17427738441645	1.75732620589927	0.038498821307166	1.40097713982532	2.32201903614213	8.99753180192024	0.341640886631305	0.397580620762233	0.529406274597611	1.27567629903521	4.81815541039328	0.323061177646796	0	1.22021688794091	0.99107962052626	0	0.609062036106927	1.01220844674025	1.46155368283846	0.479324944191655	2.38721675009307	0.145527487972981	0.423777593482974	0	0.926097361772721	0.48232622344322	31.1061185084705
qns31079_061	0.621008424798939	2.42694534416217	1.09909778637042	0.248300776700067	1.07138993180403	3.12479165711967	3.40500058528061	1.29341497547904	1.35494654521806	0.398547925666681	0.617579115326149	1.14502097854138	1.71610215424681	0.148340889999636	0.61991106583738	0	0.726250845195351	1.78070524801496	1.4456321207197	1.744618666707	3.92093727770803	0	0.350713225024807	0	0.9659931192779	0.382186179854151	29.2592555399209
qns31079_062	0.204538506691852	1.17849418498877	0.577119222631038	0	2.03777472721169	9.17119926270255	0	2.27738761114718	0.327206800810404	0.698218191473329	2.26199718823192	0.371224598045818	0.543998614435911	0.331101772843428	2.00118087302993	0	0.22546173201615	1.20794706695068	2.1763859293911	4.04025525395801	3.24771460163254	0.8545657249449	0.398207482083492	0	0.978653528292286	0.238228065564009	34.1319793452207
qns31079_068	0.344514101886265	1.19776324803021	0.362374551476104	0.935411833022297	0.949746242067482	2.42132642623071	1.06091967226614	2.8856883387077	0.8870527484434	0.713668372300308	2.00633273404396	0.879342262536006	0.171832244860075	1.72913036817477	1.81049160173337	4.58588382788755	1.3601727869522	0	0.928523894935225	0.215697425370827	9.26070150628798	0	0.587441583031734	0	0.98970470930949	0.161920794181296	35.2940157702443
qns31079_069	1.65524312323428	1.5538497428777	0.748842562316284	0	0.917817964981079	5.88049543716913	1.23491826866046	5.06118196393161	0.527580205224835	0.523256945833002	0.32519627060783	0.817081463197576	1.29475089349631	2.21373887332944	1.32456300328776	0	0.485190433844116	3.13607680955004	2.62404784836396	0.216286312899042	4.00969369969836	0.64142573403742	0.373735898344497	0	0.991827599488119	0.130511311573951	35.5649734548847
qns31079_070	0.744430725437948	2.07662696934587	0.821154950977762	1.17412925909851	2.65070738457724	3.28791992010959	0.314458371963511	2.60222068114577	1.06758619715178	1.04401729658295	1.66820813975581	1.26794935428487	0.667279168553767	0.746547038370547	2.58522740138127	0.194193587026575	0.964089916831203	3.7781002244865	1.82917275827895	1.00442744346907	2.88982153758881	0	0.70040859751339	0	0.989500742558509	0.244852370095389	34.0786769239317
qns31079_071	0.333335654075918	3.83557308293823	1.74135988613022	1.29354999290481	2.13623944993836	0	0	18.4276462546642	1.12352991325036	0.889936803909811	0.384778658888028	1.42192627783318	0	0.00292159562690636	1.39377350789817	7.89089154026037	0.122849186342165	1.78599210768491	0.902475215456713	0	7.08337292224627	0	0.589039411112811	0	0.994703071896417	0.499443601223924	51.3591914611614
qns31079_072	0.0874722948837374	2.45987993801571	0.864910874824673	8.80413270633761	0.599619508393542	1.90206428105209	0.994594909245998	0	0.00325101029451045	0.902302763168867	0.748817396857732	0.669204921713235	0.693074441077292	0.920524793898869	0.925035366943796	0	0.587076468639124	1.26163703456629	0.364533715170337	1.18639030768495	6.26742429203117	0.775371511628767	0.434474048231875	0	0.951866037341515	0.47187379387594	31.4517925846602
qns31079_075	0.319772296815192	2.25392772579321	0.739859429199881	2.8549950641911	0.499677413568453	5.55875223575477	1.21197214468038	0	1.12722089731382	0.780384045814141	2.15208326192183	0.77158558291844	0.798137056603685	0.72012940020037	0.360570751283175	0	0.953947134667367	2.00305017765349	1.25203221014206	0.0460895663963012	2.39619062338362	0.0895964445120865	0.33197849555371	0	0.940037798878588	0.495202652809467	27.2219519583671
qns31079_076	0.941626657245977	1.49680859963317	1.65741108059273	2.73536000235704	0.409776057516158	3.37737178094294	0.762020414174381	2.45144109412511	0.0974851427157407	0.82815135334399	1.02329930976446	1.13228607929142	0.974200584162391	1.20577880692266	3.6243211174782	0	0.694658846840013	3.01298126275068	1.98487789187503	0.196640006682999	2.61096382661014	0.985237081283407	0.643181141710724	0	0.974530450598844	0.356428823302697	32.8458781380194
qns31079_077	4.78424515487223	1.09809953908731	0.17873040011556	3.53166992497796	0.683815302008877	0	2.09771096342862	3.1862555358706	2.44867156139865	0.285001317310153	3.80853833962411	0.0721782724087894	0.028993687286951	0.944814121282218	1.34810959182031	7.05614953776306	0.421149662551444	0.852422644644979	0.954859963581177	0.0918838384584712	6.36403264636398	0	0.558800125945002	0	0.984949507400442	0.259581623470956	40.7961321308005
qns31079_079	0.0740670181894632	1.89621370373974	1.34753395887726	1.1227702618325	1.22041261392135	3.76063135348309	2.00382293552559	1.03404692560474	0.862576914477754	0.434911712197983	1.06337997267029	0.858353306968754	0	0.705454550173354	3.03243799722791	1.03762403969565	0.920477193442254	1.38060901682733	1.70652391762142	0.184813021735166	1.8612703765451	0.0668589300015411	0.548380281192978	0	0.973626692520982	0.472052870846074	27.1231700019512
qns31079_080	0.537716326153696	1.46734539099733	0.18350095061559	4.06427154667102	1.56671083450143	2.2594220385909	0.523248238851695	0	0.964392116852127	0.813058349699105	5.35197429134255	0.515848582858532	0.484021204174547	0.597455763827337	1.93829364604798	0.295272261585286	1.58291041591565	1.03408404333934	0.348678466077863	0	3.85655921247933	0	0.13236975891437	0	0.895724489641414	0.589902371481806	28.5171334394957
qns31079_081	2.81966519490329	2.68826412670599	1.41698176172652	3.64420262213106	1.0422835719096	2.70061261394086	1.63126286202103	0	0.640975965007479	0.981104505909196	1.38743423205706	0.9645068896978	0.802723489007047	0.339959068581755	0.354421884275653	0	0.233477918400309	2.10343579074171	0.930234033454336	0.169872702501133	4.05630398627933	0	0.254807398628638	0	0.940565600235545	0.512608517693751	29.1625306178798
qns31079_083	1.88315205784392	2.10585567593416	1.23558618741058	0.675129272176092	1.29462757379677	5.14115182222783	1.33721002266946	0	0.722445745534313	0.602008256111652	1.27360860570038	0.694464816140622	1.62269649433327	0.392708048514862	0.915363230150266	0	0.70387595238396	3.19539508105671	1.53068161655641	1.27745616674378	4.42148207396181	0.256590326577202	0.223168800196171	0	0.967239424383323	0.354362577775088	31.5046578260202
qns31079_084	1.88769640384382	1.4564527073063	0.845488036197114	0.121695542119057	0.39304471488865	2.92481411356694	1.97240066648091	3.15668039671924	0.944599953087972	0.673020232950301	7.07666693089816	0.414747628487979	0	1.22687608788643	1.96829070684878	2.74388275358672	0.500259840629645	3.35729979661853	5.15066577952335	0.44197326827079	2.59973474864838	0	0.895177481214977	0	0.97485569698184	0.313076537148588	40.7514677897741
qns31079_085	0.468088418025656	1.39057316474241	0.182055101326237	2.03550285111625	1.23061260034694	0	1.16801679138762	3.91724771693775	1.01818564545788	0	3.53111569668542	0.903146492368059	0	0.528041653444205	0.45739859692047	14.3618750610938	0.937579760267117	1.0000358234703	1.40206566163945	0.214112777777128	7.96541496717134	0	0.54927173470575	0	0.991145533612179	0.152658357265112	43.2603405148838
qns31079_086	1.13592258806235	2.5064022103855	1.83624061094978	0	2.86286542555455	2.31974116697712	0.193732197067455	2.71274203462244	0.276967497989274	1.86340185798295	0	1.24887067901953	0	0.198356655851155	0	3.91440172956171	1.09181008211494	1.73334692359972	1.73081793388348	0.777901667172978	9.50901068895437	0.293407561921267	0.43454960173895	0	0.98950345770023	0.14611590311477	36.6404891134095
qns31079_087	0.914903271226431	0.967770788435906	0.483496430779736	2.10340449490898	3.01035853398027	3.3590053762973	1.12018226879168	0	0.0792561053782285	0.409221900215922	2.37161806714536	0.783853132170897	0.446495361904138	1.76676786865406	2.7432924750572	0.559384207771977	0.566254459068275	0.939961727495454	0.651492742314541	0.214057229950379	4.41437983616026	0.249298623231779	0.500789761898358	0	0.968259156554325	0.497012081750982	28.6552446628371
qns31079_088	0.492539817869424	2.20599082592883	0.627410681708663	3.16404228354284	0.845133110588505	1.71531873331665	0.764941958790222	0	0.504202050579906	0.863047249745412	1.47350043667381	0.505309824334438	0.467470931818421	1.37519822992142	1.09584467411866	0.418866912423131	1.00878620721282	0.273087217116427	0.671966836218443	0	1.96211514867818	0.0278034141692453	0.370635012765336	0	0.819923506759851	0.736977595608433	20.8332115575208
qns31079_089	0.0032931509826972	1.66658695070293	1.11668892531517	1.32916169574671	0.27758134724437	0.600951085701255	0.459935730810086	8.39490449650867	0.897118747234595	1.06563932688219	0	2.44197264523018	0	0.845024362328653	1.19368589142497	6.518289319286	0.587121370048052	0	0.913972954401549	0	17.0776661243751	0	0.987988161667896	0	0.995420138171132	0.312733291940515	46.3775822858911
qns31079_090	0.817840519703205	0.659795092462515	0.99759833039571	0.752464576658202	3.73280334164421	1.72798289598578	1.76595607281379	0	1.06920839581483	0.832048312997441	0.872789285468295	1.32217077798105	0.233424524793808	0	2.00637514508032	1.65040131675837	0.870210167666945	2.06679780904194	1.286705018022	0.532680327992814	3.48600766869816	0	0.308444016661609	0	0.969354969448628	0.444725306269818	26.991703596641
qns31079_092	1.37943384504637	1.11359687195322	1.13211919060541	2.17150494623982	0.734369494835423	0	1.16237432219749	0	1.44894198275133	0.0101788666779366	0.721223256692264	0.534963136779402	0.795995344289481	0.393144492418202	0.75150905815119	9.01047906378751	1.15090794589232	0.928846652376324	1.3323457223341	0.489026939555386	3.37858146892336	0	0.748596971904718	0	0.985172499457873	0.33332931865965	29.3881395734112
qns31079_093	1.92244817468806	2.0265121234849	0.051995859452134	0	0.104049043712255	3.99868318605485	3.21481655090417	6.51462576942404	0	0.640149501951351	4.37065455348188	0.584872401127668	0	0.630834927001819	3.91657586408702	0	0	2.83087284322214	2.89220946751326	2.68234050063859	9.24080075617779	1.55148406436051	0.669298106218794	0	0.987252168134026	0.163552607474397	47.8432236935012
qns31079_094	0.0529084619288742	1.22248303183123	1.67281821734244	2.35318183436	0.429752606403047	0	0	4.67810123381165	0.725000248989724	0.636814047779438	0.331073742466361	1.78627210242014	0	0.794589246076218	0.118993842237123	12.3768357619979	1.42181246085992	0.111375735923159	2.05897306086319	0	5.05706379066192	0	0.870003794382779	0	0.987017452243433	0.163468150732233	36.6980532203352
qns31079_188	0.42326778528545	2.32469931195047	0.838318844619509	1.37239645122695	1.11009849237676	1.72609110734351	1.3547994461147	0	1.24707708553173	0.780953036440696	1.3671200627854	0.687808670053659	1.90775633842377	0.105452397180822	0.412056841473117	1.14200271322736	1.08848813292796	1.05983112163177	1.05446273227792	0.404799446672819	1.15896409571863	0	0.350841457206202	0	0.770256139424653	0.729813583729033	21.9172855704692
qns31079_190	0.782557676599216	2.16013921221495	0	1.4765195154677	0.785120164776666	0	0.00663667755511876	5.42428610916091	0.261764915625834	0.174990818914983	0	0.780182511391432	0	0.89046929657889	0.527245512880126	10.1318858529592	0.536482694472163	0.382728708998048	2.32585336694914	0.0328195930659944	8.66095214387929	0	0.906657964523973	0	0.977800623574985	0.290761368044304	36.2472927360137
qns31079_191	10.9254226248009	1.46565142049085	1.18345843335151	1.16727140806458	0.500116545324629	0	2.7008653018542	0.0329942306402795	1.3240195000801	0.241851225809912	0.824276006434377	0.326488973143909	0	1.19633492798901	2.04047802855253	3.60686601506901	0.224744086816814	3.35198018183101	1.91464427352107	0.07688837388149	3.99393065916252	0	0.464610922793037	0	0.87109269984341	0.559508536817877	37.5628931396118
qns31079_192	0.990856214152429	1.50340232087091	0	0.236641529653626	1.21157045943963	6.91659220345131	0.137238800200436	0.675661623857276	0.431215591970564	1.63850038350583	2.08494273472673	0.57116410744732	0.00453448542618937	1.90272452218098	1.26820324439187	3.8616672709692	1.28167291369195	0	2.07192423827168	1.29342811228646	6.15853047367951	0	0.791435912853933	0	0.972233336854036	0.325812419398891	35.0319071430278
qns31079_194	0.548641652839734	1.72177261741016	1.16529381758109	1.39289715549708	1.02036384371151	8.57506544858665	0.572128644965507	0.371047026783879	0.103345782167776	1.01281599845393	4.08943073678863	1.00728050047953	0.0635360380453447	1.51172250112417	1.43288093792967	0.607157675842371	1.02763695357074	0.166350766402751	1.94547955200431	0.492046815286105	2.33638849929677	0	0.664641976510129	0	0.954794663033916	0.509015563767222	31.8279249412778
qns31079_195	0.315908600642636	1.7561991179536	0.173379671501313	2.07529616787145	0.33045065161093	0.99513620779821	1.02601598623161	3.53750416315374	0.499160716342942	0.738757015921585	3.21505143267363	0.72641361986892	0.615095684775865	1.24808177972031	1.89281473849345	5.76527411965778	1.32365336027547	0.613229672742192	1.16658276253536	0.044398660879498	8.61976910756471	0	0.642559634588661	0	0.989189360812972	0.156857981263315	37.3207328728039
qns31079_196	0.238172114183491	2.45046478127954	1.48835901290127	0	1.12432109316888	2.19113055832441	1.03089918579143	12.2657858782709	0.534955904014342	0.926304518272182	1.20954688175891	2.05418033448685	0	0.501442521985454	1.57820105916821	4.58960566709134	0.308811546568851	0.824046674431612	1.91368584131649	0.565943138775222	5.38537854876821	0	0.696510044161415	0	0.993478469968656	0.296877189657848	41.877745304719
qns31079_197	0.248789464482254	1.34471514037024	2.00301371105865	0	1.79636133748686	0	0.483627516985711	4.45705311784639	1.21141930405764	0.0206155214613547	4.13099987550283	1.49320733243877	0	0.152921810143774	1.53798878879797	9.62527068477217	0.107345871979232	3.59860250677155	1.24596074163328	0.494073355338312	4.01752735092709	2.30266456211442	0.711669010157548	0	0.986033567639913	0.171168661430665	40.983827004326
qns31079_198	0.385567781182603	1.34748124912706	0.694263899035026	2.78563521716961	1.06659678039665	0	1.58131277417517	2.87149024489711	0.964634649275455	0.855739931171728	0	1.15997730164284	0	0.437234345888895	3.81872977871831	5.58176735741744	0.304058421472426	0.639844418832093	0.438726907608379	0	12.1940889752631	0	0.394506024337696	0	0.988262741959873	0.153595131201228	37.5216560576116
qns31079_199	0.386392662698178	1.98211282729407	1.04522356554385	0	1.39372101804262	3.43687811484328	0.800005410429328	0.110590371753384	1.6237361791835	0.834380310541527	4.95919109366727	0.735447953759214	0	0.346184844145694	2.33625309440561	0.251111479621225	0.479813748288011	3.09973799113848	3.32969027368777	0.955806594478001	2.72650651905403	0.626815284160172	0.408997641576977	0	0.968213743258214	0.435276377910743	31.8685969783122
qns31079_201	0.43848673667704	1.67668502596084	0.631134557477866	0.92263748283498	0.801549149255503	5.80322307270049	0.804213508655717	3.00358815243034	0.82484356573056	0.803917016288065	1.86528241080311	0.699007525265437	0.484824115174494	0.199572930532701	1.52572926062491	0	0.753875203582791	2.06970639538835	3.04407507204729	1.09282313495418	5.26233326599165	0	0.627356483179786	0	0.989848710351606	0.171037235682455	33.3348640655561
qns31079_202	0.0392030780005412	2.56051515538547	0.754801887746836	0	1.23826980732035	3.46266117288259	0.374093044635143	12.9830375818313	0.260196260639469	0.717611662225366	1.00800566322402	1.55803247468041	0	0.880272037772698	2.06681901361243	0	0.874746595728689	1.37219782158078	3.44757448035554	0.566747847191189	9.81858108719833	0	1.05345408167819	0	0.992392201827262	0.352652443925695	45.0368207536894
qns31079_203	0.203700724134226	1.6986566598546	1.27358743015329	2.50328489022908	0.72648517149425	2.66752639729131	1.28170644901948	0	0.00773114644581729	1.25739311408114	2.15766291704945	0.609551867108832	0.612382912268526	0.723127946707394	1.68708995769297	0	0.542865357371791	1.6349410589258	1.55069368335247	3.15794506762658	2.13176770797228	1.60406016034506	0.421081439664898	0	0.898495686819558	0.565075395758514	28.4532420587892
qns31079_204	2.36740795090775	3.00905154274831	0.686547167092884	0	0.413513466146214	0	0.538590187921975	15.7983493741071	0.495997227988843	0.230897073456576	0.196219157746682	1.21259368216904	0	1.29913696154586	4.14871228170646	0	0.236199078740218	3.50814911187937	2.10155574174229	0	10.0505855279367	0	1.45381595271346	0	0.995579109362186	0.457354951879436	47.7473214865496
qns31079_205	1.07928493444277	2.50520459648773	1.47963890689332	0.0648765330444899	1.30324315853721	5.17196794200483	0.622449998355994	1.0059396290235	1.16781730030856	0.638394886348661	3.61402566519453	0.868661736587471	0.217330061430847	2.39920516855621	2.6385033926935	0	0.240210773979331	2.81038427905818	1.8342763691918	0.0485858712599035	4.43648931720122	0	0.438031697188643	0	0.966014022798483	0.38129484207785	34.5845222177887
qns31079_206	1.9133021707804	2.78030595947053	0	0.069003895363492	0.742409647920646	0	0.907260284425432	12.9272729863871	0.448185513216664	1.12757117106818	0	0.77280398029346	0	1.04590167750514	1.63049756323575	8.22454410550852	0.799999954815554	1.07606465422462	0.874152641424695	0.278481908302037	11.5247254281371	0	0.98380901802645	0	0.991481469025186	0.428319673031862	48.1262925601058
qns31079_207	2.73414164134294	0.620671548806648	1.04788574588138	1.14555063401406	0.132363266368453	0	0.91728397314696	0	6.70323627967807	0.198512573452364	0.908877012420633	0.0991532262306116	0.734988853961815	0.591599865812424	0.352499379415554	1.07349468472062	0.252930226927432	0.211417292435535	0	0.352952572330563	1.51551986378966	0	0.436032082393507	0	0.78741221433661	0.781390115999336	20.0291107231292
qns31079_208	1.72453644806621	1.97928798113754	0.578803147149815	3.48877372947258	1.5043370568798	2.65894421386403	1.16512646672205	0	0.939233227838029	0.578620595861202	0	0.881045278236448	0.580503529890577	0.606588679572659	2.03624536358862	1.23853209238181	0.535457367097472	2.29588301551722	1.62455900747947	0.927349963607913	5.76134999703166	0.923224492222904	0.453629717336389	0	0.970522687512506	0.395614113267652	32.4820313709544
qns31079_209	2.42206282143382	2.17420527874151	0.599194265840849	0	2.04292808653554	5.83097757687325	1.10917630196158	5.19372834199016	1.03724078004369	0.725227364284667	0.0991215937168256	0.449516436349384	0	0.442490945975722	1.98150856117199	0	0.166406263025412	1.27924192956265	1.73760037725993	6.78546076950838	4.17858190677748	0	0.476966401743432	0	0.989638981811648	0.144333752408794	38.7316360027963
qns31079_211	1.30327357583189	1.15699669358728	1.71746727497861	1.27380866966219	0.245305507394773	5.27714025124105	1.79364092397747	4.09455487522201	0.97367248409316	0.771378735299308	2.34901462912037	0.626690712995776	0	2.41659045466811	2.1239091925735	1.48664602098181	1.20030424123648	2.80317315195777	2.83360624535581	0.203035211267754	3.84173394691188	0	0.565445114161359	0	0.981339637541155	0.2403658391953	39.0573879125183
qns31079_212	0.711272671079504	1.09858398369863	1.52617326713193	4.13476596441205	0.312420988185529	0.947052724170755	3.12369816302148	0	0.866161788496405	0.418411919640445	4.17203613477014	0.175198846682804	0.0737001365840255	0.485761510484859	2.07346197166759	0	0.979571860443419	2.325951009738	5.20743359402259	0.193004801013806	1.39351044167021	0.614805729994017	0.694272186046723	0	0.834944512081433	0.71585588974028	31.5272496929549
qns31079_213	1.67688872301396	1.48726483028717	0.512666761094939	5.25615292431557	1.33636325750873	0.515338125153444	0.841421726330978	0	0.822925318673724	0.905596159277797	0.21255725692758	0.74018650545493	0.260490242020997	0.321054034050038	0.499164345700142	8.38612347568013	0.962386838178188	1.76650990791893	0.824101309537531	0	6.04900932619066	0	0.298624640053084	0	0.983440837532812	0.26914916303824	33.6748257073685
qns31079_214	1.27794527622613	2.5250100122023	0	0	2.13949264507371	0	0.762568199096926	6.97223028264792	0	0.923233805036151	0	1.26622159828708	0	0	1.30579307312114	7.28837116953526	0	0.574620204397253	1.57606947382843	0.885866886722489	16.6969800933175	0	0.661514843800428	0	0.995691009136939	0.318708489167582	44.8559175632927
qns31079_215	0.55861796497625	1.92165906971649	0.415037652003796	0	2.07018400741328	2.46091559048225	0.0567618328694647	19.9063043203256	0.814325219199718	0.836077953292215	0.534849466461168	1.40169448170573	0	0.858421468993824	0.833086161142052	0	0.379738092835951	0	1.30170030676435	0.659235438335474	12.1439948752634	2.56009347900348	0.93935069981465	0	0.993483189181332	0.555855794646838	50.6520480805992
qns31079_217	0.149398938384415	3.57426120789116	0.654612624031942	0.28641080519439	1.53518468507649	6.91341844613475	0	10.4834837574434	0.157406474344789	1.18686440784499	0	1.42704078162106	0	0	0.793707007196957	0	0	2.91132228841528	3.13472688888261	2.11309750281099	6.68051034949048	0	0.862023189793276	0	0.995026301955342	0.33244003005351	42.863469354557
qns31079_218	0.0205721129981703	2.36892824168689	0	0	2.1979950263251	5.68367711939952	0	16.7340770355298	0	1.17298683885098	0	0.637039812308897	0	0	1.68316568050692	0	0	3.87558297115751	3.32502544056945	1.33589757690049	12.8323247368353	1.14293580351272	0.86447980691271	0	0.9854229857478	0.597051306225182	53.8746882034944
qns31079_220	0.420939733509997	2.79079109992839	0.2701983737736	0	0.0535010399169992	2.21086929678582	1.37740270983805	21.6285154271698	1.27849571524875	0.66612000919233	1.27129068811966	1.04804238392981	0	1.178675409031	0.851060375532277	0	0.227441566003347	4.72759911089557	2.73852961599501	0.965038043606753	10.6083065753874	0.386634909377758	1.14201059320671	0	0.982238700886636	0.695463846201733	55.841462676449
qns31079_221	0.362410169185832	2.85012421893952	0.476174260368867	0	0.449017665656634	1.8523719967249	1.28916475902916	9.4572190190214	1.08076254602856	0.707453273749469	0	2.50519172294261	0	2.04630554507748	0.382484513868496	3.05345777571484	0.21330992676208	0.888647658238761	2.16314591417388	0.0955079173557665	14.3301052100728	0.509749387659698	0.81657333563919	0	0.992843424798401	0.296065148848752	45.5291768162099
qns31079_226	0.296962635027318	1.76688917581185	1.44966102528807	3.75025324280871	0.775114686275834	3.95527355373807	1.19176992365755	1.15200004275811	0.3638312771234	1.14361130579139	3.79884159273855	0.712672838956195	0.336111608774786	1.25807333056498	2.35666008568495	0	0.89445418707266	2.05975258703692	2.08999946077623	1.63036014720128	2.01791868583425	0.464881745579855	0.308182517045517	0	0.975086945602381	0.45453911533947	33.7732756555465
qns31079_227	1.15270167205092	1.35133348585427	0.414485506238592	0.477007229745301	1.70122875637144	1.56698102830087	1.02596605794099	4.2509612058227	2.0610988591832	0.369546435812663	6.7367493987084	0.417894097381601	0.255233022836262	1.02424875137703	1.97181062611852	0	0	1.74146369909727	2.80805668156127	2.11466272169122	3.15768828256042	0.1457622153661	0.329597801888529	0	0.978499316762692	0.277977099323577	35.0744775359076
qns31079_228	0.587688028028503	1.70211800581025	0.48477831962298	3.19485299866103	1.85511019441633	7.1787233716396	0.678864941926907	1.41607572315077	0.57039065521836	0.635841023655664	1.75327994107579	0.695021999538446	0.820681885220614	0.382536830516415	0.778830628682286	0	0.599910286143016	3.1380372788684	1.68997694816835	1.25956887262242	2.57558742589839	0.528411335910641	0.269534171674419	0	0.983996145570922	0.267823145598547	32.7958208664496
qns31079_229	0.164526486622768	2.60795249430159	0.8744534556087	0	1.2592598910329	6.8192926872497	0	8.32319231178546	0.430271489259904	0.727278294236237	4.42770959088084	1.20916251792909	0	0	1.09298957555797	0.629142694774378	0.699436178596308	1.11566594721315	3.37955018320872	0.382600695581368	5.3295983829438	0	0.826396351746115	0	0.986185594479511	0.192197516738689	40.298479228529
qns31079_230	0.435289341901351	2.63688489797544	0.801194374353581	2.50233917579951	0.650490684421631	7.19901165494086	1.15049563991476	0	1.26896561992655	0.879512051698326	2.59242372770776	0.886285294922032	0.765658945402978	0	1.32094423162763	0	0.683680594778494	1.25390438319198	1.60952910849649	0.0712731479669143	2.89695171404	0.272478747552181	0.229155578159014	0	0.958346364079292	0.497081324312339	30.1064689147775
qns31079_231	1.47569979571277	0.626249119886416	0.997545501444703	1.64678852080432	0.694400326967533	4.26685675184478	1.24077249045554	0	0.386369054748221	1.01077778468233	4.36689220790085	0.903060531403398	0.191278691389656	0.85243684787725	1.48251856347013	0	0.847150161094421	3.15329544400778	1.45671290369253	0.51840118843938	3.69231493412689	0.569616138417517	0.36572510315457	0	0.981126946044895	0.359807211509233	30.744862061521
qns31079_232	0.180070170644121	1.71692098762275	0.286786677634924	0	0.634274527084633	4.23959700996843	1.06170241157731	19.1421944606823	0.325058234489132	0.667960076918236	0	1.24940534676925	0	0.313746685839371	0.264206962786925	0	0	0.0926687104595955	2.16461690686609	1.17754108310314	20.4198070904575	1.92574466556038	0.442484492591344	0	0.991835768384788	0.654546317160882	56.3047865010555
qns31079_233	0.325558976339095	1.60332124338804	2.42586409177127	0	0.332995874980627	1.45686863106477	0	5.61050533342352	0.451175139864112	0.701207017746939	0	1.5535933349343	0	1.15440945784286	4.58548485799058	0	0.236858206795682	0.0843637868957889	1.54530815390339	0.147648162147964	12.5791608868886	0	0.670884287389839	0	0.994592912809712	0.133570746669021	35.4652074433674
qns31079_234	1.90504699714247	3.31470768283556	0.583567331035371	0	2.42932178659345	5.3118062279594	1.00498141682477	4.12263864405667	0.621722520317861	0.844722277986797	0.836190737609273	0.969423306143355	2.29346611675018	0.13588776683958	1.20833053121282	0	0.125912222050941	4.77408514382844	3.4913297190302	2.38330685843324	4.50207491894527	1.52616776415455	0.43029155417994	0	0.984219889891391	0.189329191926666	42.8149815239301
qns31079_236	0.604965271471835	1.66153785051147	0.290043813954727	2.29817958683784	1.46356433419364	7.52592278185225	0.373155706935575	0.0325072788251506	0.355812324623728	0.826312964009883	2.63570337375423	0.851819720205135	0.505461201484816	0.503153694289238	0.922745098829868	0	0.813242454267782	2.76453166785185	1.787021950361	0.819452905308241	3.58517645483559	0.725592484073563	0.160160552788173	0	0.984544572381377	0.314734264026691	31.5060634712656
qns31079_237	5.23904322741492	1.70551799293529	0.598683467447248	0	0.658481352443846	8.93230952861304	0.47976089110751	3.22441600660016	0.532042610786802	1.09987544078315	1.64486769438547	1.12255719601176	0	0	1.53602547969467	0	0.55534235558718	2.37457858562823	1.82160142428709	0.243996293094793	4.63038329377456	0.351545191630508	0.428165413270148	0	0.986992733021857	0.200284700030008	37.1791934454964
qns31079_239	1.5905308987314	1.76484697834345	0.234027609869078	0	0.940042734109231	8.33294878988863	0.967161717191552	5.36410632156619	0.142521818344581	0.855404742868396	2.22443705020328	0.584377591900039	0	0	1.0784537983704	0.607044200971716	1.33044800430882	1.06341276964131	1.95439114999054	1.78840787285001	5.87557699572048	0.393869619440118	0.598975154525374	0	0.988654458815896	0.156431962242738	37.6909858188346
qns31079_240	6.39004725917719	1.97743976516787	1.97015398631866	2.08013915990785	0.281645912113633	2.54205471609803	2.38877374257738	0	1.34874997168621	0.794545234512884	2.61758887307303	0	0	1.29248393921456	1.40781236938981	0.69907544190072	0.554995115067992	2.88160004048402	0.72459950523748	0.301642698050055	4.23589115805222	0	0.483617672714887	0	0.951930383767207	0.484139474948269	34.9728565607445
qns31079_241	1.24149668074122	1.95950225187217	0.904924672576226	0	0.685038804291767	9.28407736648693	1.48857519205407	5.5791626213051	1.09380301607091	0.823043935723275	3.11452765799715	0.708780740210061	0.7271701516291	0.964837997485404	1.36635441497494	0	0.405018007403267	0.451976542171913	0.905777246065272	0.0611195275475237	6.11344347423343	1.5537216147457	0.358979844198421	0	0.978979246226409	0.213408189321881	39.7913317597838
qns31079_242	1.69114893259642	2.0143690988583	0	0	1.07949767871731	9.77217847783194	0.396467687201498	1.37849461383899	0.345587132546449	1.01087447657142	0.86820915742716	0.617781288687943	0.14899423560318	0.607918585387825	1.80677078880813	0	0.872010246254664	3.85400168574287	1.5957921122183	3.77790662167911	2.34813301657489	0.519118309820339	0.311556519469847	0	0.974040473420634	0.2361160376162	35.0168106658366
qns31079_243	2.91357966959873	2.42468287275463	0.899613094960022	1.8160311858969	1.29745725929409	3.9019863364726	1.43111311149422	0	1.47581251057586	0.81439900027765	1.22977277379969	0.0707959251824929	0.101636030139553	1.18676132631096	2.42828771268627	0.39762111243456	0.663048751620888	1.79020118934917	2.31073184361734	0.988462946877531	2.3105765784413	0	0.583993224185788	0	0.945320743939443	0.56596339819569	31.0365644559702
qns31079_244	0.516039830715275	2.13953620170974	0.961061220707293	5.18075272114885	1.0864601286056	2.19675861025421	0.011253589413422	0	2.17895717129571	0.43227881373343	1.4420831667152	0.100773408871594	0	0.511817391942715	2.95214684477355	0.173285590747538	0.866650366710732	1.41510566447071	2.05205226798249	0.237794695039614	8.44963369707436	0	0.376176169506362	0	0.98423562857841	0.37701822627467	33.2806175514184
qns31079_245	1.35253238999262	1.4508236686678	0.619114983977121	0	1.31079341354164	0.880284959082116	0	4.83531377183243	3.01320345290869	0.366599434560651	6.41569320610929	0.590499183420572	0	0.372019513682983	0.519795218099535	0	0.666245022104593	2.22196698368528	4.46397168917281	0.998774676600014	2.53739851010428	1.60982455946396	0.616791382942312	0	0.967004836445477	0.312227850896919	34.8416460199487
qns31079_246	2.52202356551408	0.75299700937199	0.217969887180343	0.636727716139295	2.62595052046581	4.1339627625677	0.788029429146961	0.993874432763395	0.443976108101658	0.788667418684262	0	0.727351652174348	0.285624500054456	0.56701047781392	1.67343699088595	2.60708723487145	0.906010133299462	0.333786301856918	1.82943899227445	0.873054877217991	3.41259108888876	0	0.459741551697555	0	0.97024089532508	0.400420139834716	27.5793126509708
qns31079_247	0.1568690038579	1.94174208697067	0.864924031601503	4.00463494596309	0.795823526195455	4.03536716220551	1.14179520682854	0	0.882604278718554	0.540224475836035	2.21857290404883	0.6137690713341	0	1.12224631584731	2.63371212099003	0	1.06338978430262	0.773936771271265	0.911433218956048	0	4.36716735780885	0	0.496269318855595	0	0.868237782473894	0.609840572195499	28.5644815815919
qns31079_250	2.77121865340131	2.08424327077041	0.227499523787273	1.45172139389139	0.709553221957258	7.12505300148382	1.43114861000836	0	0.0181685095967491	0.696012685956723	2.58989234699027	0.803330460976856	0.842837298116687	0.574328285454286	0.617690640483674	0	0.8523953024074	3.27257751421003	0.940802303336594	0.452972401295331	3.784740263922	0.536975298596472	0.232044641825996	0	0.966587073987107	0.349200586238178	32.0152056284689
qns31079_251	0.20798062340476	0.809789157939653	1.77244490511471	0.0510175721407528	2.32572191028902	5.2630756261874	0.0683445324797324	0	0.733464235683017	0.866376665259925	3.42872240768389	0.991610681544006	0	0.160305075457109	1.69521155235633	0	0.815957725734822	0.700177220624665	1.54275691804921	1.78092397612838	2.30356819574769	0	0.515363365252904	0	0.925335181131329	0.528002560009678	26.032812347078
qns31079_252	0.248683175981176	1.23388997600217	0.778673279555328	1.51249548470866	0.674386150113902	2.37018812911197	1.2106672273306	6.42384531031333	1.29830743694232	0.0504364104732791	6.77265697377499	0.764271480082351	0	0.9674237578796	0.986128894244607	0	0.530296798467873	1.00897702990482	5.50627073857928	0.724388760900816	3.3039552749755	1.1709763791777	0.619301527251518	0	0.973915352413213	0.275265473887496	38.1562201957718
qns31079_254	0.345739598417535	2.24210803736452	1.58774504102318	1.42723147385257	0.526519773198258	0	0.571627798554524	5.45992469881484	0.934968591460394	0.675166850474341	0.657882166638103	1.50661131235114	0	0.357570941951872	1.02973746063439	10.4961259972162	0	2.59267951229558	1.68299484710257	0.854875159672809	14.1353534639817	0	0.508095630631419	0	0.990444634208263	0.288042222777936	47.592958355636
qns31079_256	4.48921039486425	3.2059479991416	0	0	1.36043387135796	2.15895624013197	1.24086251154253	10.9395898245096	0.0350465928639167	0.541735273384261	0	0.330068216957167	0	0.285399356405023	1.35541739408933	1.79502661957801	0.159185309370546	0.489658553547805	2.48719846576878	1.55040007069842	20.6502761742065	0.566375557585722	0.708636637860885	0	0.997083484782552	0.335075644642738	54.3494250638643
qns31079_257	1.01025144536876	1.39102807931374	0.751270488405887	2.75400929038036	1.62955177899236	4.92166162818312	0.097455043769042	0	0.716584364333024	0.914204589100145	2.48356215259566	0.836423392984513	0.141009869994545	0.454064279353538	1.66801030728602	0	0.943292631888717	0.919205356653103	0.634305971234869	0.504585769638882	2.1956405848248	0.651591902061013	0.230277672823123	0	0.915193711125318	0.575761098259356	25.8479865991852
qns31079_258	4.30850411514167	1.06758510266474	1.34756456734586	0.0795352625311522	0.686777772908457	2.69162271854039	2.52843825348226	0	2.58344736789708	0.585080354373436	5.30410451339164	0.0833273066545242	0	0.832264753089807	1.4316042125354	0	0.677409618706861	1.54170255523411	2.38162414721452	0.54020503323394	2.06348371657225	0	0.628121649657689	0	0.930367270108688	0.620798222405657	31.3624030211758
qns31079_259	0.509662404373087	2.24594530762106	0.29822989262415	1.54899813597335	0.882184832110886	8.88206751416564	0.703458647276858	0.344140877202399	1.0693343402247	0.728883260798243	0.687653136309574	0.90140146195496	0.356181721113619	0.970615448522018	1.96289727430459	0	0.380416237174028	1.65777850241188	1.27549502026176	1.08866726897344	3.35417871890375	0.637206218442631	0.332390798333557	0	0.949636458586702	0.408475057480941	30.8177870190762
qns31079_260	0.733628021625462	2.0047760679529	1.20241875209925	0.347380637619426	2.3692549898579	4.41974794425572	1.91819146026558	3.34642938896137	0.239941792534035	0.593393359907248	0.243393858129847	1.10682128768652	0	0	0.740323500542507	2.8486059195355	1.14902208235666	1.36175804993985	1.90475846995753	1.68626179730355	8.9891084646851	0	0.434700701524691	0	0.982422360539521	0.188048887542459	37.6399165467407
qns31079_261	0.0644309685758376	2.19802079946323	1.01568911386904	0	0.7221851974074	2.59803161164643	0	13.505306695702	0.299674430626563	2.03913013748013	0.0543758105659202	2.40165115133051	0	0.0362308316444047	0.76088598977609	2.26060894009829	1.10532174965991	0	1.78065366225115	0.549665360933676	12.6912216962796	0	0.897682525210066	0	0.995194082133948	0.435266473145399	44.9807666725202
qns31079_262	0.959310082402068	3.14907021241721	0.608002949795446	1.37566399020646	0.395071702967295	0	0.4404526140095	5.6946441187104	2.07182062592606	0.56421082675999	0	1.94185361835416	0	0.263913612201082	1.02616164942754	6.91561800379628	0.195326400040514	0.0996333865605272	1.80296559634108	0.114021826605151	10.0472515418467	0	0.366329309132354	0	0.994632696979531	0.136953374744396	38.0313220674998
qns31079_263	0.58751103806656	1.38420239793464	0.643474544707396	2.36307900497604	1.47531294269711	5.14647636202225	0.4707817241864	0	0.786585959309388	0.39074803158807	3.78777447267522	0.608381853909765	0	0.364251684527935	1.21960019531141	0	0.455293576010954	1.98815080333855	1.81188367965785	1.28760093223569	2.69014813985386	1.38380366620255	0.440761600254808	0	0.940890884528266	0.469579346221569	29.2858226094664
qns31079_264	0.817719106908715	2.86065731691442	0.956819866415983	0.336572513144557	1.21387469579254	0	0	14.8478512842801	2.09393530326633	0.666355198847944	0	1.59371931266792	0	1.23222474236604	1.95226018630161	8.54036849679163	0.205061535083793	1.45962310026613	2.34146832811871	0.432857441380302	7.75830599232554	0	0.937072056179846	0	0.982467843986737	0.412031167344353	50.2467464770521
qns31079_265	0.435770302302736	1.78768697289618	0.688640536238607	2.23924085555973	2.80910990227572	5.57509364219993	1.65181012666268	0	0.840909232605377	1.02095013611873	3.10702127313854	0.167324805102717	0.800444332770599	0.466482007968001	0.532426282020592	0	1.25489604344375	0.542023797423759	0.226398087189229	0.569397296956412	2.30054527617866	0	0.151992165075756	0	0.901259829897664	0.597842594670648	27.1681630741277
qns31079_266	0.848586902197229	1.51620409741146	2.05711025857035	2.4116631990295	0.467199881574288	2.68684849842435	2.23426744470015	0	1.06172527328701	1.14269298351827	2.37950637775232	0.295875668765817	0	1.19325214923128	1.02222620716845	0	0.671258029254318	1.75593157721877	7.40652583816073	0.0307923430662857	2.1740403756103	0.637568714014991	1.34023670195057	0	0.872082827083621	0.700534863764455	33.3335125209064
qns31079_267	0.890013080142497	1.22992460056481	0	4.96152447883381	0.559208289117043	6.3575043645501	0.39310676466875	0	0.0623813914096941	0.985363652801127	1.88754326852631	1.09003622204967	0.78592142606896	0.919033998935574	0.614820657158965	0	1.19681366902658	1.2075178838285	1.8925137678307	1.25227039851742	4.74908761404869	0.148720867553236	0.316552820758575	0	0.948775888759759	0.441816370231085	31.499859216391
qns31079_268	1.16680727806852	1.48950670412954	0.61746401828615	5.68887591424872	1.26563535890305	1.47064557425417	0.695587338043642	0	1.17290903886668	0.775379983769115	1.70098014651872	0.594116825914225	0.318519343964124	0.817741324564253	1.23827028147586	5.26985217762974	1.47549404918998	1.04464000328864	0.652980753236049	0.0062229471771694	6.40760654269456	0	0.407667089593468	0	0.97747902650425	0.375132926137876	34.2769026938164
qns31079_269	3.80244402727526	1.89811324343531	1.40699090050057	0.07696672325655	0	0	0.15095645618839	0	8.32832960222668	0.0243614424898834	0.117612960372222	0.490768706975755	2.20906521781914	0.0456926948439165	0	0.174998049508249	0.216703106520662	0.0458604889118833	0.0467426976077982	0.0202963398677441	0.0950132613155623	0	0.519140433477984	0	0.611977476600616	0.885547318805356	19.6700563525936
qns31079_273	0.288149372106945	0.816391019353626	0.63704722273811	3.68829688862852	0.798989513430115	1.06929919958948	0.844100314794936	0	0.595817120304744	0.574636462131077	4.9578533734101	0.684981751465833	0.449660024976775	1.44004304858722	2.89450596856551	2.58173948394778	1.10301892367853	0.768202744782104	1.70745957971602	0.151934595498405	2.55963594889628	0.115153466427291	0.238408522447608	0	0.944428281457922	0.582463480149809	28.965324545477
qns31079_274	0.196355575489438	1.43406269179942	0.636354518686971	0	0.907948428830819	9.44944924650476	0.706687784093003	2.42073374759687	0.230925212557009	0.941932492609119	1.36171563441993	0.570070489540286	0.0347385087156159	3.1058404290976	2.56470153186322	0	0.837666077961755	0.65519451866554	1.95546044364921	0.633820285411967	5.26263404751728	0.278148535902976	0.446440434868852	0	0.977346509323894	0.281595761627489	34.6308806357816
qns31079_275	3.15085465754005	1.49492967769178	1.81356891138021	2.29259679674648	0.999438747602418	0	0.87720467809856	1.53571406510471	1.5048828537278	0.872725503390597	4.02135012576305	0.256675799331196	0	1.59177840260477	0.791737539749211	5.3900976550574	0.742345146076287	1.94950954029043	3.31245099316923	0.0110676000745793	2.81776047233453	1.06588600165675	1.31667172290922	0	0.936333601625795	0.487323175368133	37.8092468902993
qns31079_276	0.255336235328278	1.1514640487044	0.376547492313208	0	2.27794910276526	10.8122819800936	0.745195112290427	1.12343401637865	0.650183326480536	1.49730495918127	4.2298423997772	0.385394023172836	0	0.899476093526655	0.720229533242861	0.63494005822123	1.12331750838461	0	0.942811604268626	0.72418643238484	7.06472238389679	0.221305982329693	0.364664575941354	0	0.967458423773619	0.306094655178598	36.2005868686823
qns31079_277	2.10014138284118	1.53436876510578	0.706020556879714	3.48796213120779	0.935206047944163	0	0.547146682675418	0	0.657522095806606	0.054231064905101	2.02161484617136	0.6061435946207	0.352400253228992	0.554730756317155	0.670691120647393	5.06942362380098	1.21179963815641	3.49397602343887	2.53253666172744	0.903993556394464	3.00686892336308	0	0.619935996295737	0	0.976180319718692	0.32952472411658	31.0667137215283
qns31079_278	0.000753718217084519	1.16103690094315	2.21983335526331	0	0.0906381944370914	3.1058087264685	1.20895849683714	2.80514523105127	0.0497809606329432	0.600115693379894	1.08734668018065	0.637892841273187	0.0134225248967119	1.17528207761341	6.88051524716215	0	0.651638498685806	2.04357577593605	1.49626820699053	0.00716794052307659	2.970725194442	0.337968616533956	0.200963270559581	0	0.992199674423854	0.285885577087749	28.7448381520275
qns31079_279	0.304831837881419	0.94388490910007	0.351613560364389	2.77218975449857	1.86472688579981	2.95005336103617	0.0744227600212641	0	0.789750236806838	1.09461856332646	1.90259208356957	0.888734276383266	0	0.35449018251622	1.8945241165358	6.70244557438727	0.939086342700705	1.21277290275262	1.48702180743809	0	5.29710244835448	0	0.506468262370528	0	0.968451905946865	0.328289262608307	32.3313298658435
qns31079_280	0.101554125713142	1.86403235488918	0.719842976495382	3.34378070617632	1.22357712535479	2.70864183431456	0.695404515157752	0.0388724900551422	0.790801160287209	2.0351785335623	1.71430877803499	1.32142634319307	0.0374814942918095	0.664041570801141	1.1148828644088	3.41699911088002	1.52360257028385	1.45723877625993	2.76226205926372	0.0029397355621028	7.1702499683492	0.132596730356174	0.620604517141542	0	0.975952681294481	0.374047282503497	35.4603203408321
qns31079_281	3.64471292152837	2.55966132051864	0.91158839351963	2.00170894341722	0.792127805577998	0.14827577152021	1.78827724688334	0	0.73959335685808	0.588994894663024	2.28474765122419	0.00689477280781004	0	2.01515052603621	1.27811515260185	6.96134009143337	2.21384496147318	0.412871166113952	1.27032566952965	0	5.65896030557662	0	1.0042727906941	0	0.959606497795031	0.47739536670774	36.2814637419775
qns31079_282	0.19156139659629	0.94558944128737	0.84322287668519	4.3982671973997	2.98967088343887	1.20786658557305	0	0	0.0536524431453226	1.37952593970767	3.61343457983065	1.0704074638821	0.254196608747054	0.164716833941055	0.864462813079973	6.7812303803323	0.71308459891358	1.50877780728475	0.37257631528416	0	4.54571866732149	0	0.52752003631404	0	0.935433463428451	0.413772837405227	32.4254828687646
qns31079_283	0	1.33439578720359	0.351631450119189	6.48477978437217	1.82551079320608	0.476095643931972	0.297392685435957	0	0.237739387199463	0.727686492007391	4.04889137374277	0.752068748512225	0.706426243195529	0.80585151884434	2.41207774532602	1.35036041422601	1.01725412340353	0.562996822140057	0.491064705581688	0.255650480976528	3.6610186562282	0	0.526348227732311	0	0.926735531688513	0.604653786252163	28.325241083385
qns31079_284	0.132827198395544	1.83649034388637	0.560152489380093	2.13209731721287	0.460273293653821	7.37108160611428	0	4.57486732975341	0	0.58113479061196	3.72656304328936	1.49255383995701	0	0.488794822918074	0.875703157982206	1.736456523481	1.23888686450716	0	1.9442535340536	0.114156489370775	12.3159553898285	0	1.04951918456501	0	0.973249159939311	0.237241816596777	42.631767218961
qns31079_285	1.60381762171619	1.73066392435956	0	3.15795208011849	1.29689006851022	2.3148849144604	0.215256399639994	0.0789631574227407	0.59210840715754	0.779504531163006	1.24863354362775	1.1889405617259	0.203975585970574	0.529555364177558	1.00426870609502	7.03362308571533	1.16370063561121	0.281479367772016	1.91083281575773	0.5365501874284	10.2587037169482	0	0.456868186794184	0	0.985450470269144	0.24157134823325	37.587172862172
qns31079_286	1.24912459696852	2.21970425428143	0.637810786491402	2.17532516720864	0.875356921945112	4.98424065696152	1.82453292901706	3.66188354483752	0.965676277363314	0.850443036969264	0.955713368120145	0.773802920376125	0.657255503681227	0.243343564123694	0.836395713526488	0.489167241896815	0.800367523863513	1.43810477470442	1.56999475270579	0.00757322940769332	4.65039730989266	0.211383690486135	0.252337966345629	0	0.988909459345401	0.206198104874048	32.3299357311741
qns31079_287	8.11153203629832	1.04771150113067	0.573770827474399	0.955779625902637	0.724633961299574	0.439693252773917	1.19914982314743	0.180728811604883	0.742393581563817	0.403183744392378	1.40606969989601	0.413701497288274	0.335384704950735	2.26462089784761	5.02865188826369	2.00478222278544	0.510647531704071	1.38078248978548	1.42368045251168	0.012380812914344	2.89011592052728	0	0.425390216070385	0	0.896343708841547	0.630426073016345	32.474785500133
qns31079_288	1.21491153983681	2.76800320331654	0	0.0467058249296395	0.772382079606836	5.26452285408809	1.30317541966417	4.71126360709851	0.645045971215252	1.20363642313043	0.973314488601332	1.20259294250473	0.572968029566912	0.649196777053295	0.618817939040831	2.17375139875235	0.52216687477787	0.302327754400066	3.47741991708806	0.0118250971747689	9.68807071665081	0	0.420692742273215	0	0.990873105259798	0.136277128265626	38.5427916007705
qns31079_289	0.38416191318612	2.42410655198612	0.664040009172846	1.40312760240229	1.13520218864987	3.03976755280459	0.860012070720608	4.00247217310096	1.39625795158961	1.22690317148754	0.334404284091035	1.35489813449588	0.136209295588776	1.0005952230098	0.527152447319076	5.50872506697114	0.803644025981077	0	2.10190671754548	0	10.5466837113897	0	0.677172493035609	0	0.979555673746699	0.202057108136251	39.5274425845281
qns31079_291	0.691856120601103	0.402320669858731	0.619319500420845	0.017837321418826	4.43745375973794	9.60583424664484	0	0	0.596310060091194	1.46435090660645	4.91800979122567	0.464967724833498	0.109528031588931	0.253466439395546	0.26823418892138	0	0.991992893628985	0	0.489129307304335	0.387173144675673	1.9061293966145	0.0519702278899256	0.13817463921912	0	0.830196550121485	0.612378195332109	27.8140583706775
qns31079_292	1.63896633163803	0.953262588063407	1.11979119270689	2.01068730776844	0.65532297468436	0.405801082509558	1.48259273101357	0	0.420295361342743	0.492117877562386	5.4682467480037	0.613747015767505	0	1.01225743662519	1.89796021805544	0.459257650639083	0.549801256688672	0.657101799911766	1.26038679393416	0.262929696654892	2.27744281045614	0	0.545524928599238	0	0.868646970370034	0.686632822360131	24.1834938026252
qns31079_293	0.1264739056393	1.56335421343823	1.94170822482211	0.124309951137725	0	0	0.487374275748271	0	10.9220576274476	0.12524644624003	0.378792274161531	0	1.1365725316793	0.252410428458115	0	0.379460083111117	0.18380738994859	0.87610559776022	0.102950691274613	0.0247845989737035	0.673842281286933	0.529780787623503	0.669801018753225	0	0.413488490443998	0.92827324804256	20.4988323275041
qns31079_294	4.86567338567717	0.622625123468051	0.620617761004878	0	0.487702396902368	6.31253274711432	1.56536647896414	0.865806043795142	1.16349574762355	0.967948625746201	1.33938811328156	0.515756814890906	0	0.795431957292206	2.70316315689394	0	0.774595565258898	1.64509380411035	2.0943238191731	0.00840598489587901	3.61090957069675	0	0.230356821231208	0	0.973498089335087	0.411209832620271	31.1891939180206
qns31079_295	2.91332732363134	1.69190950583645	0.123359550923526	3.51881473867643	2.1131722286177	5.76458891251514	1.14961198476245	0.0157738952522383	0.542828865723055	0.737760069707151	3.1082604206186	0.422922013490465	0.250968000275558	1.33441388989482	1.99554765886412	0	0.688632781841698	0.948089292623998	1.4112088841486	1.59599497265617	4.30283270980542	0.237621924993298	0.431338363261381	0	0.943337399619919	0.518690451289322	35.2989779881196
qns31079_296	0.515446267710741	1.28937254385356	1.1947193182535	0.880957461805512	0.448700435450707	7.16514523225562	1.8892521810282	2.05007028382954	1.38990582369679	0.841166918466896	4.13157737493814	0.646867783622648	0.0919735347651194	0.767416126641086	2.51450352442742	0	1.02724510029078	1.31489522614677	2.55874143191656	0.301394549265086	1.94979916646431	0	0.785853116932097	0	0.976691605360918	0.40982754932928	33.7550034017611
qns31079_297	0	1.39261726371001	1.20784837057227	2.01306786603575	0.948306965524221	3.99179254946666	1.66689182947055	0	0.579712644106285	0.938857235253205	3.48976831741311	0.405626600684783	0	0.694876487774283	2.74217988808092	0	0.48553717016744	2.6883337703727	2.70093520489443	0.350330145687475	1.9633885453048	0	0.485087671333362	0	0.939927972237622	0.510397486712013	28.7451585258522
qns31079_298	0.842430331440384	1.31389724853567	0.404379230256678	0.402923311957646	0.209483467815048	9.25760758212027	1.24331180089572	3.04806282146958	1.04252224953445	0.664090935528691	1.23832661917857	0.913787258120615	0	1.23173078256845	2.6189034691078	0	0.723628574015551	1.44686620572816	1.65769031042975	0.684082005622129	5.43924610192334	0.737410227939886	0.413448279586099	0	0.985876081435202	0.19980100860314	35.5338288137745
qns31079_299	0.362758070779651	0.624450687782693	1.19716318866252	0.507617764360521	3.97035557935889	3.86627612800488	1.59411145846176	1.69283474240658	0.393010572631435	0.701130239324214	4.35593210435085	0.343011676077854	0.336767857273921	0.403747742367085	0.969596095717568	0	0.21770609257885	0.443238891222603	1.15063254936646	0.599590704028146	1.51536402750497	1.52762895700259	0.36656976004109	0	0.958487273013297	0.49916582802059	27.1394948893051
qns31079_303	0.549682176270351	1.44204754321036	0.658901799459083	1.59348324983357	0.884821527342549	9.95258085555533	0.89748861397609	0	0.819281947358369	0.96955057283075	3.85619930999686	0.796051843603462	0.352469262668531	0.745873602713993	0.560483821608994	0	1.40628795622459	0	1.1500091933973	0.195734901218371	4.20933468548021	0	0.3613474804629	0	0.959673367993142	0.452525135105457	31.4016303432117
qns31079_304	1.10365978550679	1.53491277994009	1.006931267588	0.19780822289896	2.07956349181894	4.22367572626357	2.20775583146971	4.37981625774974	0.655850834733357	0.8892862970785	0	1.87114392388148	0.02806342245921	0.218926665954755	2.74638808861669	0	0	2.46407892890592	2.17005858122807	1.84207998969262	6.85933966288155	0	0.419699246369265	0	0.988856911975532	0.149961038081499	36.8990390050372
qns31079_305	0.165318237233655	1.14725310983298	1.48929772208305	0.188685358439541	1.03698470098463	2.06801982259342	0.676537587058855	0.950435382969329	0.705033465917758	0.754849005901278	5.37849758487872	0.652296880399196	0	1.90140329243964	3.1780710288759	0	0.954640512473494	2.13002729805794	3.55880306995396	0.00302744486670472	1.83316016928756	1.12546427662979	0.929856112332878	0	0.940586825191643	0.559823860735551	30.8276620632103
qns31079_306	3.42983777415563	1.32956257785396	0	0	0.750670274508226	7.74339507467027	0.820479783272417	18.2143289962659	0.569279530796017	1.02756484924506	0	0.354812401146118	0	0.248661395607823	1.13056935896244	0	0	0.195496652610506	2.53247641009289	1.20073724939842	16.5582642814539	2.28294912304311	0.470730903502902	0	0.987827187815421	0.50741060013262	58.8598166365856
qns31079_307	0.00788618929012199	1.70559621118927	3.20949502024828	0	0.889316767052051	11.9473542507506	0	3.64278028125143	0	1.23433944279367	0	1.96844113864627	0	0	1.19813583153812	0	0.598794383519275	3.791897913224	3.35326586326423	0.438134745346509	5.8317044017092	0.782007909642976	0.456301715877332	0	0.977611803128672	0.212840923164288	41.0554520653434
qns31079_308	0.631710326836516	1.95537056922922	0.770670102319044	3.88776797793104	0.451850814535699	3.45700256558652	1.49155182988264	0	1.42611671978839	1.08171055297583	1.94611627591809	1.24735873251117	0.929881387233562	0.141383592732347	0.925980555783139	0	0.70473240383446	0.458572203048264	0.346309099888056	0.913918104044469	2.29454686635549	0.94461007436902	0.22400635902532	0	0.870654577211378	0.668597811731771	26.2311671138283
qns31079_309	0.455478041755243	1.69105700823421	1.58485519664607	0	0.25039600244351	5.21661107764157	0.738342921386453	10.3756126079753	1.7295146688271	0.938343773686878	4.23646830568288	1.35865800030683	0	0.108940823519714	0.705215218238763	0	0.105438459910953	2.45506981849457	3.4827437715514	0.827310141586641	4.32522840492479	0.60785045688662	0.899993309385375	0	0.990405388426696	0.221781721389604	42.0931280090849
qns31079_311	0.18221938656823	1.73794634140794	0.06141406583161	0	1.35856489214426	3.9081087354001	1.93222888028405	3.85214899602014	0.797452920336035	0.887440904445684	0.642942113568446	0.641744963932605	0	0.435022336470257	3.03009195264116	0	0.278996036074155	2.0555087546745	3.34348818446869	0.700634692001311	4.66469458214683	0.329057058727324	0.345220763953934	0	0.984423081116335	0.191511216036598	31.1849265610973
qns31079_312	0.00092697386238736	2.08083221159301	0.399713036947094	1.94440402707335	3.19752584748905	5.17931082133745	0.512101908731254	1.4194142531033	0.0599356741666635	0.878100758310038	0.240788507336657	0.529061404774104	0.567379115499476	1.79724465544406	1.58563470075106	0	0.36977337487228	3.85886612685344	1.49134168074098	1.17537861166429	3.96643004467427	1.84191719903125	0.4038422674201	0	0.987493718434364	0.234841219261401	33.4999232016756
qns31079_313	2.11593267986321	1.39929096156361	0.110675683176001	0	2.33624926466769	6.72840254739412	1.80939595123887	1.5647062637007	2.40573783863983	0.461894879347955	0.418274006196976	1.01374561123906	0	0	1.22243670028185	0	0.518264364536251	2.32855693810243	1.34592058735775	0.442369528916454	3.21967886781685	0.0978089421617459	0.18671011144362	0	0.980454721906352	0.287905807140426	29.726051727645
qns31079_314	3.06276646873394	1.6341351840348	0.299325770414276	0	2.22135929020508	8.62444276865449	0.906209857523455	2.88690813789982	0.269565068437404	1.40714253453671	1.53555271075085	0.929662912128641	0	0.677460683803266	0.894789244621613	0	0.4799130109611	1.00437977724635	0.980858419463425	1.17299979498115	3.70825491193997	1.06596406887974	0.311461784983414	0	0.977920892922688	0.277592147361742	34.0731524001995
qns31079_315	0.291138454593974	1.33326924305277	1.13798032627912	1.65976319941671	0.823212141936211	5.28261362452849	0.924116108821568	0	0.779299620235304	1.29577380229388	3.21537303340047	0.782580434994213	0.210757609034076	0.761253937514498	1.73143509421577	0	1.10114351761078	1.36813261877583	2.05461254733526	0.46608003065242	2.70676874912666	0.0360240416825709	0.84021327559896	0	0.949240220253829	0.522921017088855	28.8015414110995
qns31079_317	0.650991768520314	0.784314227180528	1.06333854441175	2.0542216516274	2.53373479842545	2.39467489088771	1.43100663858016	0	0.474844250698492	0.611414450564089	0.869095347867135	0.953739474830505	0.868565281710979	0.778605742491473	0.629594645336451	0	0.492752617814073	1.12785454196985	0.824861801074131	0.125394859734651	1.58278895399883	0.202586100250346	0.270223820073805	0	0.761885154919334	0.727966596184022	20.7246044080481
qns31079_318	0.403240328601635	2.29510176753386	0.443724588095513	0.828642705993321	1.67458107116242	9.08490140766974	0.916873705958421	0.28356202563782	0.577299162469539	0.758713906664392	1.78643472863867	1.11084068931006	0.658309294170399	0.608329058396563	0.827710140450119	0	0.992583760480978	1.52327939779035	2.22538544817628	0.0499256709647143	4.29598956092019	0.0932393261133531	0.397554415988087	0	0.96518301080431	0.387465232318895	31.8362221611864
qns31079_319	0.269605173812253	1.49997899349104	1.12653885396079	1.84896456541043	0.929995499867381	3.51414931483305	1.19772482200693	0	0.37987945320501	0.610010085807344	1.41403423211718	0.672363022260843	0	1.04612248037737	3.24071934408906	0	0.862049221827376	1.0281755594336	1.20213640770138	0.860298221985693	1.68312119865679	0.355785901036257	0.304136087952398	0	0.918716169017283	0.613074755841194	24.0457884398322
qns31079_320	1.46404199425941	0.910437549987745	1.7153514254836	0	1.24224809337982	6.91904983158438	2.16756778165653	1.9277137852324	0.113426033091806	0.922064127735007	1.90404145506032	0.912532098447044	0.0435663949457866	0	1.62999795706146	0	0.483485961410789	0.17033867015935	2.97987300312238	0.199452051921351	7.7511867709281	0.0206376836657189	0.42755997370417	0	0.970721723245347	0.30905567005634	33.9045726428372
qns31079_321	0.653699995573602	1.90174999636918	0.241128015215074	3.48636165814002	0.931156849238432	6.57117766664881	1.67824023120786	0	1.29056915014582	0.819493801356601	1.54701245315148	0.599961437369995	0.86008187506872	0.605804011243414	1.25306733567576	0	0.646852734990986	2.67294510818851	0.898342832777741	0.42008603151926	2.39774033282254	0.681013417478211	0.310474033033365	0	0.888529476760123	0.532543474699446	30.4669589672154
qns31079_322	0.428288716359903	3.0409081759176	0.169650512155312	0	1.31734435546055	9.93273996882426	0.484183388689298	8.49564286583357	0.238133233288987	1.17853796516376	0.179935320848832	1.42084469583854	0	0.105586327539691	0.542359613844519	0	0	0.36826507593722	2.05167680288372	1.51277355254178	10.5410085539471	0.916709213255569	0.419903101135643	0	0.985533819227759	0.291903309290162	43.3444914394659
qns31079_323	1.37230435854113	0.857437329961911	0.486438246918432	0.664014779089649	0.9413507748203	9.59714804643249	0.289317532639386	2.59223829951521	0.782018942253976	1.16237851237384	1.37460776204493	0.577543143845985	0.273939151549071	0.35061518002221	1.96113872243971	1.33579680942789	0.911073084876139	3.18981664221971	2.63223961897546	2.33190127898868	3.58159694377324	0.158800099776993	0.296348189032221	0	0.988541365511769	0.16007492000191	37.7200634495186
qns31079_324	2.49744291160769	2.34910288719013	0.387782625620921	1.23798098707038	1.82713745631009	5.65344745181563	1.31971576706151	0	0.19014245323805	0.925278097283222	1.2794318481541	0.803084080909199	0.78798656008708	0.254240818979414	1.0228042123794	0	0.924863282803051	1.75137803689723	1.44073495050435	0.646919718897392	2.72975144403013	0.47358970857039	0.160910243991571	0	0.951931438634102	0.492030173512187	28.6637255434009
qns31079_326	0.0509645090030324	2.61728861938513	0	0.748559710573291	0.662345798142253	4.61079873213872	0.289282365557862	5.65524113674799	0.241448265184797	1.12601404093283	0.0133979426687922	2.2264085063482	0	0.533649270251934	1.31990358525539	1.61907382538637	0.62163455870952	0	1.72815757565224	0.309643708516185	17.054641966324	0	0.761362795885711	0	0.995713806629561	0.228304849494015	42.1898169126642
qns31079_327	0.573258310375962	0.453717000813684	2.85344875783801	0.784707357290587	1.3052896149195	4.01542381534831	1.35037849442144	0.477464145433621	0.846286865456199	1.20221312012285	2.87622009938303	0.989940229044721	0.542457652026053	1.20585987911042	2.51689919013757	0	0.511902062841573	0.794778729256371	1.60746462461659	0.289493446100164	2.07400943093229	0.832442283601119	0.371135827965656	0	0.950349511977013	0.599385345776343	28.4747909370357
qns31079_328	0.157052677392876	1.57540754111079	1.21366453201634	0	0	1.27715790277178	0.0519015818648679	0.953793444106009	8.42550373165182	0.204938473373143	0	0.697736914423339	2.59740557245609	0.0814388522486583	0.0523553518466997	0	0.111967684085512	1.6311402457899	0.532625316100095	0.235080344671893	1.66301835990203	0	0.518222998352363	0	0.733898187314141	0.715233609249746	21.9804115241642
qns31079_329	0.0332219698897044	1.48487316656244	0.865369316069891	0	1.46340862369934	4.38020389822942	1.32194837021107	0.505620603000053	0.161268385532289	1.22730400143751	3.94459720321282	0.562089916848047	0.981863183892126	0.434103773707753	0.287822531161938	0	0.523673169172005	1.63803918429407	1.96238914402112	3.21056681688657	1.28100552298465	1.61292327695826	0.670510162328727	0	0.958572051690391	0.448931999110724	28.5528022200998
qns31079_330	0.112369702008203	1.98027169446829	1.19412161372488	0	1.6845067043054	9.14485232229161	0.477531285811488	5.04441635682945	0.301361528650542	1.05872533019506	1.28763131750882	1.39839985242138	0.00181223172796919	0.228980520546609	0.297952439848508	0	1.10623389603478	0	1.54178274507003	1.01392969838148	7.13661851525999	0.121826461021379	0.443097938517319	0	0.982061673739787	0.192386723375269	35.5764221546232
qns31079_331	0.157163902269983	0.393509081344652	1.09418828202354	1.17419655766468	1.35854499767847	1.81937106247174	0.463891492866131	0.666847528791579	0.603741868364021	0.728437998994409	4.89118302190965	0.800932337921423	1.28507542033642	0.0998789194840488	1.32052309240588	0	0.515523501757398	2.57332165234015	3.30724542592312	0.212377144581659	3.14425963061163	0.612782312366065	0.475652853721539	0	0.954016365958892	0.435216907240249	27.6986480858282
qns31079_332	12.1201273706443	0.355600850030486	0	0	1.32844316052713	0	0.865632863757328	0.888128819991299	0.51652433174833	0.38607213398823	2.98271966044561	0.366440395662749	0	0.127480092461979	0.828531675043415	6.03464762872564	0.205274661917719	6.15783298111945	2.59811953281983	0.462747185493486	3.6114149253981	1.69059839730674	0.545177589512337	0	0.989703921545563	0.213842610007382	42.0715142565941
qns31079_333	0.628405590819839	2.75753990645057	0	0	0.92541376646273	2.80914783262187	0.948713894741548	10.3256489317131	0.0081311835281869	0.865556616024679	0.394973460599488	1.62517830414005	0	0.753604294140153	0.652343020137902	0	1.0555628247923	1.18097460007326	2.0674965690598	0.6926619239556	16.3398276821642	1.29961555768066	0.466517471482378	0	0.996808175982318	0.370203170775575	45.7973134305883
